sample	day	trt	"_holin, phage phi LC3 family_"	"_holin, SPP1 family_"	"_phage conserved hypothetical protein, C-terminal domain_"	"_phage conserved hypothetical protein, phiE125 gp8 family_"	"_phage head morphogenesis protein, SPP1 gp7 family_"	"_phage holin, lambda family_"	"_phage holin, LL-H family_"	"_phage lysis regulatory protein, LysB family_"	"_phage major capsid protein, HK97 family_"	"_phage major capsid protein, P2 family_"	"_phage major tail protein, phi13 family_"	"_phage major tail protein, TP901-1 family_"	"_phage minor structural protein, N-terminal region_"	"_phage portal protein, HK97 family_"	"_phage portal protein, lambda family_"	"_phage portal protein, PBSX family_"	"_phage portal protein, putative, A118 family_"	"_phage portal protein, SPP1 family_"	"_phage prohead protease, HK97 family_"	"_phage protein, HK97 gp10 family_"	"_phage regulatory protein, Rha family_"	"_phage replication protein O, N-terminal domain_"	"_phage replisome organizer, putative, N-terminal region_"	"_phage tail tape measure protein, lambda family_"	"_phage tail tape measure protein, TP901 family, core region_"	"_phage terminase, large subunit, PBSX family_"	"_phage transcriptional regulator, ArpU family_"	"_phage transcriptional regulator, RinA family_"	"_phage uncharacterized protein, C-terminal domain_"	"_phage uncharacterized protein, XkdX family_"	"_phage-associated protein, BcepMu gp16 family_"	"_phage-associated protein, HI1409 family_"	"_phage/conjugal plasmid C-4 type zinc finger protein, TraR family_"	"_phage/plasmid primase, P4 family, C-terminal domain_"	"_phage/plasmid replication protein, gene II/X family_"	"_RNA ligase, Rnl2 family_"	"_RNA ligase, T4 RnlA family_"	conserved hypothetical phage tail region protein	phage baseplate assembly protein V	phage conserved hypothetical protein BR0599	phage conserved hypothetical protein TIGR01671	phage major tail tube protein	phage minor tail protein G	phage minor tail protein L	phage N-6-adenine-methyltransferase	phage nucleotide-binding protein	phage recombination protein Bet	phage shock operon rhodanese PspE	phage shock protein A	phage shock protein B	phage shock protein C	phage shock protein G	phage shock protein PspD	phage tail assembly protein T	phage tail protein domain	phage tail protein I	phage virion morphogenesis protein	phage/plasmid-like protein TIGR03299
d07ctrl031	7	ctrl	4511	8882	3404	56	31496	42	342	450	121181	3106	27540	7427	85309	49496	22126	3942	259	32438	16133	18893	2701	583	14678	5931	154421	59428	299	278	12498	504	11	623	789	76323	286	0	0	7611	4781	0	15487	2974	683	1729	2126	13	8755	183	635	125	117	617	98	745	6140	12971	1760	14128
d07ctrl032	7	ctrl	3473	4163	534	90	13059	2	170	117	45012	1051	13506	679	31513	28413	29443	1549	223	6520	5356	4694	2293	173	10653	2082	66468	32031	235	768	5746	459	0	1011	259	65799	430	0	0	4436	1562	0	2599	1093	214	611	644	61	4213	89	234	48	76	167	35	212	2230	14531	549	5560
d07ctrl033	7	ctrl	2479	18702	2005	148	42708	0	572	177	96824	910	19961	1164	49253	58064	33711	1651	113	8807	8379	6839	1949	240	18549	2371	138595	29250	254	801	44069	137	559	453	139	121857	780	0	0	4039	1902	0	4750	1504	240	528	575	26	8202	61	226	27	41	241	53	263	2112	20690	2253	26692
d07ctrl034	7	ctrl	2282	3109	522	0	14225	0	644	17	32557	42	10899	685	17074	17029	41331	596	174	4449	3136	3595	2545	14	10314	145	50844	38466	122	177	8094	1265	3	836	17	65296	0	0	0	4850	121	0	403	41	7	13	27	3	1027	17	28	3	14	14	0	27	2132	17287	76	11117
d07ctrl035	7	ctrl	8299	1350	909	38	29803	16	296	563	57180	2884	14917	786	45901	38356	16205	4496	112	15070	6883	5649	1815	696	12895	6736	77488	89502	92	170	11096	946	0	1445	664	99625	340	0	0	5166	4000	0	3671	2008	600	1897	1497	74	2725	250	611	122	250	632	122	733	1184	9937	1987	3764
d07ctrl036	7	ctrl	2894	24479	399	274	15743	0	678	24	139267	247	26532	726	54119	47478	35536	1442	202	4469	9428	4937	1175	48	17741	664	125046	24399	134	692	11590	228	34	249	41	92908	619	0	0	3103	448	0	2516	455	73	215	254	14	11232	35	35	10	3	83	7	70	1953	18449	570	36984
d07ctrl037	7	ctrl	3755	10882	702	350	13589	0	381	10	87562	169	21697	1715	47335	43098	17463	722	455	7133	11530	5128	1522	49	16014	170	69198	26262	295	537	15951	49	53	116	20	111100	649	0	0	1701	126	0	2385	72	29	53	29	198	5196	5	5	5	5	0	5	38	1219	7219	107	21646
d07ctrl038	7	ctrl	3619	4719	1217	30	15482	34	99	751	56317	4341	16126	561	39488	36693	114768	5353	129	5855	5632	5172	2015	991	12935	10092	123010	36645	254	753	5038	257	19	280	996	61762	76	15	0	4229	7639	0	2815	4059	1011	2981	3255	75	3385	302	811	215	358	856	196	1185	1808	56099	2192	4988
d07ctrl039	7	ctrl	2594	28726	900	328	55771	0	818	13	92679	167	17894	1311	44655	45590	95510	524	84	6789	10910	8028	984	61	15181	349	245581	56223	89	1111	31694	1191	145	138	47	84393	547	0	0	1487	299	0	3073	234	48	81	158	32	19995	32	45	3	6	29	3	22	1603	50558	220	27436
d07ctrl040	7	ctrl	2132	22145	702	152	17218	0	233	340	47365	2269	16275	642	26407	33075	93314	3082	24	6665	4116	5242	955	495	13032	5066	206314	28042	107	527	9424	87	117	125	480	68353	332	0	4	1143	3697	8	3099	2072	523	1549	1709	4	3748	215	456	47	136	453	113	561	1128	47514	1133	29463
d07sub041	7	sub	3991	4882	115	92	10260	92	84	419	38123	2396	15833	623	26219	33260	41609	3074	161	5421	12136	10958	1747	623	21930	7099	153050	39693	33	255	25283	247	14	255	709	99063	3	14	29	2693	3964	0	1655	2277	660	1968	1707	0	2663	267	657	103	143	502	143	688	1128	26359	1283	10002
d07sub042	7	sub	3274	4335	106	0	13641	111	163	483	44786	3500	12859	816	39983	30385	133711	5042	177	7213	9146	5274	2564	865	13057	11213	77727	33113	144	1530	5372	347	377	209	1088	76154	13	195	98	3951	6023	0	1793	3975	969	2946	2595	0	3722	384	1281	293	299	761	254	917	3553	52730	2175	10042
d07sub043	7	sub	3131	1061	128	12	16014	36	20	748	31783	3280	14611	1309	41872	31642	9827	3339	52	5349	2041	3791	3932	957	6656	5545	67836	17055	92	28	4468	160	4	192	820	63848	0	368	428	1777	3451	0	1417	2175	885	1557	1682	40	2010	224	849	148	236	501	156	796	4105	6182	1545	11219
d07sub044	7	sub	3679	6843	18	6	12198	23	239	61	64300	208	23407	959	40082	42431	17702	550	61	4774	3152	4030	2221	52	22744	806	123278	33006	68	1957	2966	125	30	78	75	110141	15	0	0	3210	545	0	2029	288	55	289	255	17	2905	12	127	12	20	61	6	70	2359	9306	165	17984
d07sub046	7	sub	5113	4796	395	99	26683	2	212	59	59155	154	19513	1162	52413	39929	52857	3192	24	7407	3993	6331	3923	52	25438	483	159084	35817	29	793	9182	160	28	333	30	99313	0	28	12	5778	626	0	2168	135	33	97	102	0	4592	5	33	5	9	21	2	38	1751	25883	245	11623
d07sub047	7	sub	3117	9624	120	83	16962	29	129	123	113806	641	31505	741	54048	52025	23166	1103	77	3871	4431	7483	1439	200	20759	1549	132001	30968	110	234	5787	104	65	166	211	102364	0	0	0	4836	1110	0	2349	801	160	414	418	11	13786	37	202	48	68	174	29	146	5557	13749	514	20979
d07sub048	7	sub	6786	3028	317	58	20889	219	89	1099	62326	5429	24762	1128	61135	41584	28547	5880	228	7153	4855	9933	3612	1315	16312	15134	166628	35010	337	115	7525	218	0	228	1679	89105	49	170	156	4856	8407	0	4363	5060	1386	4070	3557	67	3504	380	1640	268	331	1055	291	1479	10132	17713	2672	12883
d07sub049	7	sub	648	263	40	0	5902	6	176	425	35909	3338	19288	528	15989	32889	9573	3572	391	2345	2641	5646	1255	869	6921	8081	43931	9753	6	0	4117	6	6	68	1046	26604	91	45	23	13037	4873	0	5089	2725	1017	2323	2248	0	2096	289	914	170	216	630	142	1021	460	6572	1841	4329
d07sub050	7	sub	4582	7952	456	37	16570	46	361	328	95483	1803	26049	729	69299	56341	60529	3264	128	8905	6896	7263	1740	396	18563	3902	180618	38064	309	399	16413	458	18	334	451	99103	191	36	36	3319	2577	0	2483	1793	319	1070	937	18	7899	177	478	105	105	405	86	460	1834	28948	955	18593
d07ther051	7	ther	3851	159	202	20	3852	11	224	162	69480	554	35253	962	93453	57529	24812	1372	59	2253	2762	5779	996	272	46749	1203	331440	31968	20	3	4862	101	0	852	168	62088	0	86	39	2114	965	0	5048	604	145	316	378	0	2123	53	167	14	53	130	17	153	870	10703	325	19139
d07ther052	7	ther	2447	2268	350	103	15518	89	437	503	93344	1868	36458	1403	67468	66735	15850	3364	29	4390	3390	6215	3201	889	19653	5134	120324	28942	130	31	10776	108	5	736	579	110089	0	54	42	2940	3458	20	4806	2379	486	1411	1474	0	5651	195	578	168	155	523	86	542	2211	11820	1310	13523
d07ther053	7	ther	4645	1706	438	95	29553	20	981	207	83546	762	38629	2608	70959	65037	15929	1658	654	6394	5211	10911	3231	259	18412	1809	154174	40995	89	78	12073	105	0	1458	188	124048	7	71	67	7079	1086	0	7392	739	189	459	556	0	3355	77	185	34	64	105	51	216	3509	4355	451	15378
d07ther054	7	ther	5594	5613	54	12	32269	62	305	807	118124	3530	61454	802	164348	122513	24890	7156	62	27626	6439	31113	1805	1600	14188	8628	168776	59769	54	170	14459	1346	8	251	1018	105577	0	479	510	12529	5726	0	4364	3850	924	2776	2281	15	3496	471	1136	158	278	796	247	996	1999	14843	1953	11987
d07ther055	7	ther	5452	11224	128	41	63733	11	297	77	80354	348	18366	1396	52967	29780	32346	938	47	5337	4153	3842	1732	106	16211	751	198307	127014	18	2053	6223	150	22	69	81	103024	11	7	0	1261	565	677	1390	274	117	238	260	7	8321	15	99	18	18	40	22	117	1081	14595	354	23375
d07ther056	7	ther	3009	1896	255	31	15678	37	424	117	95077	707	36034	1131	69797	57123	13582	2056	62	4918	6671	8934	496	229	19168	2150	93136	28971	36	73	9376	309	540	99	304	76767	30	190	138	4286	1480	4	3473	1071	203	572	871	24	1562	99	214	51	39	177	30	305	1751	7800	840	5488
d07ther057	7	ther	3229	26039	2359	50	32661	4	309	88	266651	395	40691	1785	59625	60037	33102	1503	691	5559	12740	15846	1856	71	18774	1112	132959	41408	24	118	10597	1472	403	190	127	74712	238	5	9	1489	501	347	3318	544	90	241	751	9	67467	42	136	16	9	86	21	113	1139	17142	1204	14481
d07ther058	7	ther	2559	0	0	0	26978	0	0	0	37445	3721	13029	1163	16742	24886	56284	7209	0	3488	12093	1397	233	1163	17443	11629	185827	33491	0	0	233	233	0	0	466	55121	0	465	233	3023	5117	0	1395	4652	0	2791	1629	0	5117	0	1163	0	698	1395	0	1163	233	25118	5349	10699
d07ther059	7	ther	3018	6064	520	7	16664	62	437	469	133163	2551	51700	1211	87257	90354	23089	4288	130	4464	6651	12523	2857	557	15990	6689	95936	26965	54	7	12919	192	7	203	661	97313	22	65	61	6567	3725	0	8066	2742	640	1735	1749	4	8307	300	752	167	238	784	152	802	2229	11352	1361	15308
d07ther060	7	ther	5195	11501	156	0	37147	157	714	460	134794	3611	26381	399	57623	49353	36112	4168	82	20091	15237	3437	1407	852	13825	9364	116076	68985	29	696	7247	1083	5	607	880	102038	0	18	18	10697	5239	0	3425	3330	792	2359	2599	0	13827	364	995	184	203	899	161	1091	1739	16547	1557	11490
d35ctrl091	35	ctrl	2793	7192	1641	203	17229	3	630	9	59427	15	24288	1940	37070	40369	12013	1539	395	4667	5708	9447	2725	27	21194	53	93915	36485	713	864	15045	549	189	274	6	89931	177	0	0	3799	15	0	5064	62	3	6	42	159	6713	0	6	0	3	12	6	0	2243	6856	47	14768
d35ctrl092	35	ctrl	3427	5993	2320	114	12930	0	813	0	71600	7	22136	1260	44062	39837	19126	1131	220	4791	9217	7019	1219	12	17991	157	135590	28404	234	388	11343	962	648	295	5	87878	363	0	0	2589	7	0	4726	16	17	9	101	83	7379	2	15	5	2	15	0	9	2068	8941	95	13357
d35ctrl093	35	ctrl	3346	5862	672	159	14884	0	830	9	62594	36	22074	1526	35943	39042	18815	2189	231	5622	7154	7879	959	3	21342	69	93406	31624	729	216	10317	701	114	500	6	71372	204	0	0	4610	21	0	3161	27	15	18	120	117	3659	0	6	0	0	9	6	9	2380	8865	105	11221
d35ctrl094	35	ctrl	2749	4478	1281	201	12008	11	210	22	55008	26	23479	1281	35231	39605	14199	1156	157	4535	4406	6349	973	22	18236	110	79953	30474	334	562	8493	306	29	1534	37	75840	224	0	0	2860	41	0	5764	95	22	12	41	140	5443	7	11	0	18	18	0	11	1684	7156	52	9657
d35ctrl095	35	ctrl	2720	6943	1014	246	18531	42	679	0	59314	8	21373	1354	36511	40395	21841	6907	88	9126	5724	6466	1382	4	17071	64	109022	32269	812	673	11673	626	442	312	16	76781	316	0	0	2969	50	0	5220	27	27	46	96	156	7175	0	8	0	4	8	4	0	1321	11743	43	17510
d35ctrl096	35	ctrl	2329	2870	991	256	10537	0	679	0	59448	8	26067	619	35546	43474	16215	5127	237	4035	6687	8959	1540	3	18145	36	81455	32602	585	365	5241	1208	75	266	17	98261	293	0	0	2737	14	0	4989	30	8	9	37	412	2044	3	11	3	3	8	3	3	936	7579	54	7044
d35ctrl097	35	ctrl	5783	3052	535	97	18094	56	1637	26	66285	82	21347	1715	41680	47072	16596	1120	493	9608	6842	10544	2004	23	15553	427	392832	42126	532	983	14522	490	206	113	53	82625	583	0	0	17148	518	0	3146	349	99	110	123	73	2105	17	76	10	20	36	10	43	3193	7615	437	5816
d35ctrl098	35	ctrl	3757	4505	889	175	12497	0	1198	0	51240	0	22737	2570	41983	35154	16219	3230	100	7114	4592	7875	1060	0	19292	0	91739	35544	568	314	8140	1038	70	339	5	83114	45	0	0	4087	15	0	4638	40	0	0	40	239	3758	0	0	0	0	0	0	0	1442	7971	30	11704
d35ctrl099	35	ctrl	3705	8448	1455	326	14684	0	670	0	67155	4	22734	1500	37982	40140	18682	1804	352	5615	7679	7918	1359	4	20402	28	106213	30651	772	1655	15084	499	395	1406	8	84349	463	0	0	3649	20	0	3935	39	0	16	36	134	9708	4	0	0	4	8	0	0	2294	9534	12	17335
d35ctrl100	35	ctrl	4558	7376	823	228	11512	0	639	17	83697	14	39910	1359	38502	64251	14348	3856	110	4337	6062	12968	724	24	15054	60	79471	30850	495	412	10609	552	93	539	16	96483	115	0	0	2620	30	7	9420	34	10	20	63	144	6724	3	13	3	0	13	0	7	1291	7835	30	14732
d35sub101	35	sub	2271	7974	488	41	16931	6	493	9	86913	12	30831	2435	74763	52174	12174	1319	91	7987	5951	7074	1461	36	28372	156	143477	29947	195	9	13443	267	1024	646	6	83121	3	0	0	2892	21	0	7105	24	27	18	177	120	7077	3	44	12	0	21	0	12	1217	7048	155	13089
d35sub102	35	sub	2076	1783	2354	292	29936	35	397	9	52291	64	23344	1648	75906	37098	18731	1508	115	10816	5554	7188	1590	30	12698	261	120673	43604	777	706	46088	393	1049	674	23	40331	512	23	25	2904	2387	1324	13179	3013	23	32	61	12	2106	0	41	12	2	35	7	26	1311	12273	5904	5173
d35sub103	35	sub	5778	14796	1568	61	32097	0	953	4	108228	34	29893	4324	87949	62924	41613	1022	279	17678	13764	8556	916	25	21361	392	140439	43297	211	322	25887	459	77	338	29	89271	518	0	0	4722	65	0	3809	30	124	176	72	9	8617	0	39	9	9	21	0	94	1719	20577	211	22234
d35sub104	35	sub	7154	9607	752	54	33675	31	449	0	138934	15	25547	8175	77198	42564	8221	739	456	32151	7309	8833	658	4	26679	70	78926	37889	159	271	14801	442	116	190	0	72848	132	0	0	4802	39	0	3864	73	0	8	12	31	5877	8	8	0	0	4	0	23	2494	4441	93	14327
d35sub105	35	sub	3057	15963	667	18	17010	0	443	0	90515	5	35658	4157	75741	47252	56278	1416	154	12210	8254	11090	2225	0	25598	36	186859	39017	101	40	25857	148	42	481	0	86627	99	0	0	3347	2	5	4044	10	2	0	59	19	9388	0	5	0	0	0	0	2	1819	30380	147	14802
d35sub106	35	sub	5268	5705	4516	54	28169	150	539	54	82944	166	35621	3260	78134	44777	15004	633	130	20667	6361	10026	2308	88	22077	602	91352	46536	852	17	35910	217	334	761	75	80652	146	159	88	4815	400	0	4591	141	104	79	318	62	5236	42	125	25	33	75	25	112	2638	7474	275	14279
d35sub107	35	sub	3260	7613	1057	36	10493	13	391	10	74632	5	33884	1590	57966	53270	25284	1585	86	4799	9122	5762	1162	10	25613	93	91529	16819	177	64	7601	2377	291	260	31	73489	242	0	0	2929	20	0	4163	5	28	18	89	0	6886	8	20	5	0	10	0	18	641	14523	108	10287
d35sub108	35	sub	41796	14480	527	46	21505	83	590	77	196260	90	32655	2107	67700	215527	34562	8898	53	11955	70724	7859	1640	81	29292	386	112192	29717	107	1008	27104	365	181	343	56	77829	107	3	10	7240	277	0	4096	116	48	94	265	5	18131	13	79	38	36	63	13	53	2018	17864	192	13620
d35sub109	35	sub	2404	14669	1926	16	29224	7	880	0	97882	7	35150	2010	83573	56855	38530	2878	336	7537	16513	8309	1692	20	23202	99	147796	47959	240	94	27908	82	307	233	0	77486	30	0	0	3287	27	0	4883	3	3	26	231	24	6366	3	14	0	0	3	0	3	921	20362	169	9442
d35sub110	35	sub	3787	9407	3960	82	32912	0	1145	16	70700	8	13431	1354	47362	30595	40007	652	58	19036	10864	4429	2630	33	17204	455	92310	41467	57	1504	30692	561	455	75	12	65230	727	0	0	3625	608	455	6784	286	121	191	132	8	4485	8	21	8	4	17	0	108	1004	20834	921	7076
d35ther111	35	ther	6589	2004	3986	57	10626	111	95	830	68782	1258	24248	2084	60074	49698	49078	4669	106	10624	11898	6758	13772	14486	14898	35164	104239	36081	364	2765	5520	181	7	343	1191	80091	0	105	112	2595	2448	0	1225	2037	10197	15027	5739	44	3972	435	1520	245	347	966	238	9243	1565	5917	1818	6575
d35ther112	35	ther	4141	7076	982	267	16165	17	1219	20	175299	62	37868	2764	59291	73845	20780	5795	403	9140	10328	7310	947	76	19211	159	196930	87523	266	559	4552	157	90	361	37	86840	97	0	0	3923	90	0	3225	49	37	20	41	24	4384	0	14	3	10	17	3	27	2822	11271	59	8975
d35ther113	35	ther	2542	9263	1095	30	15290	13	1148	13	114451	119	38654	2525	95964	86679	19356	1397	13	7322	7521	12475	785	57	13701	175	94065	23135	1513	504	8765	187	53	1611	21	97948	342	0	0	4167	127	0	1732	92	44	100	219	806	6067	4	44	13	18	35	13	27	1247	9732	430	8970
d35ther114	35	ther	6364	3618	504	64	14373	17	3765	15	107782	43	35980	2442	76549	59644	15272	1791	32	7515	8368	10644	1521	71	22334	212	77561	33953	159	132	6309	405	0	368	24	70936	119	0	0	3688	36	2	4473	82	29	67	178	33	2358	19	7	5	7	5	5	12	2517	10005	180	6345
d35ther115	35	ther	4087	7481	1048	38	21255	22	1629	45	122208	87	46963	9578	98339	81560	19643	1814	111	25565	6541	10155	3713	25	20429	310	119799	45072	305	803	6333	323	6	471	50	105433	54	0	0	3522	192	0	2870	109	98	123	65	12	3755	25	69	9	16	70	13	69	1355	14184	254	12569
d35ther116	35	ther	4522	4913	608	135	21925	22	1451	13	116020	123	31236	1988	82975	61329	14964	1363	26	9957	15407	6817	1406	57	30817	306	111376	32710	166	787	13092	497	415	269	25	83349	106	0	0	7138	86	0	2303	79	48	100	96	21	5731	4	26	4	4	26	9	26	1509	7527	297	10009
d35ther117	35	ther	3563	7175	715	32	11176	8	1881	20	102709	24	35580	2390	57801	70912	33952	2584	107	6807	8364	5481	1762	28	25366	147	121639	24860	178	163	6971	446	277	633	20	84381	83	0	0	2940	52	0	2904	64	44	24	56	8	6259	0	4	4	8	16	4	48	2701	17129	270	9299
d35ther118	35	ther	4797	6786	603	24	28057	33	1305	42	123399	45	45200	7312	104816	73268	23583	1143	78	22665	9651	13177	2156	72	19811	268	175864	79289	200	313	9364	323	0	391	69	85380	9	0	0	2837	147	0	7866	48	63	63	75	24	4480	3	81	21	24	54	6	39	1506	12924	209	7784
d35ther119	35	ther	5863	5660	590	51	28481	11	2266	18	124632	61	43865	7389	94649	66979	19069	2243	27	23608	9363	19793	2655	29	21602	161	115861	46247	269	249	9162	524	0	733	45	81044	11	0	5	4736	90	0	3309	69	27	43	67	21	7116	6	16	21	0	45	5	21	2322	10359	162	5471
d35ther120	35	ther	2422	16298	432	30	15953	15	1426	51	124324	57	26239	4108	60030	47126	21660	2189	54	11891	9426	7239	1792	90	19159	901	110313	42733	186	868	6788	796	72	393	45	78139	75	0	0	6065	66	0	4492	102	411	502	450	9	3826	24	99	24	15	87	15	315	2349	12522	258	19460
d78ctrl181	78	ctrl	3901	2430	4033	447	56269	92	4903	18	92770	31	21768	6950	86517	51605	31254	6536	451	44695	21410	18867	2017	22	8682	57	196710	84359	630	1147	48757	628	670	483	76	47211	623	0	0	5690	372	34	7792	150	15	8	134	2477	1326	2	18	0	0	4	0	17	4249	18074	1813	3312
d78ctrl182	78	ctrl	4144	7271	2859	209	31093	16	1332	0	99496	6	18696	2382	46963	36001	23690	2943	352	9683	14319	12827	2506	42	12251	28	137636	39107	460	330	17546	632	252	285	210	56157	1652	0	0	6356	85	0	7317	76	13	3	102	685	5743	0	6	0	0	0	0	3	4698	13576	343	11132
d78ctrl183	78	ctrl	3378	8097	2909	275	27191	51	822	27	87259	69	22066	1601	55058	44520	20564	4838	263	7564	15183	16118	2688	28	11040	102	132414	39928	845	520	22515	381	337	240	204	47555	796	0	0	5144	396	0	8328	91	23	54	153	569	2479	8	25	5	5	35	18	18	5430	10559	156	6660
d78ctrl184	78	ctrl	5637	7444	2536	280	25589	13	872	24	95773	5	19570	2016	57487	45469	23676	4812	3555	9241	18747	13293	852	10	16373	33	170411	51912	370	338	23094	424	347	194	208	62805	986	0	0	7908	575	0	6191	10	0	5	27	1370	4678	3	0	5	11	5	8	16	9048	12887	157	8447
d78ctrl185	78	ctrl	4795	5134	4360	385	39672	15	812	5	95019	10	24633	5368	61392	49216	26184	5921	671	21925	19551	15312	1612	15	15227	45	210121	50177	427	568	32552	995	710	217	279	63678	775	0	0	11355	46	0	6378	10	15	0	69	1463	2056	0	3	0	3	0	5	0	3277	12925	328	5633
d78ctrl186	78	ctrl	4116	6451	1981	669	27138	21	791	14	87181	8	20693	2606	50367	46075	23082	3471	1253	11036	14570	12417	1393	0	13767	57	124494	34500	479	268	26288	593	701	114	8	60135	1218	0	0	8254	39	0	5527	15	21	25	103	92	3818	11	28	4	18	0	0	14	6628	11832	67	8280
d78ctrl187	78	ctrl	5562	7441	4097	490	56766	3	2568	0	125820	16	30558	6305	110589	66541	30901	7734	2253	30738	29264	23268	2150	20	12881	37	232763	84078	641	761	40796	718	1103	200	171	63277	1835	0	0	11220	50	0	11579	77	33	7	59	3839	5900	0	7	0	0	7	0	13	8875	15609	171	5595
d78ctrl188	78	ctrl	7015	3411	4336	413	49385	38	701	6	124942	14	29224	5747	93033	66377	19622	2634	800	40637	22256	26616	2548	20	12164	25	225837	78963	951	611	41332	536	548	152	65	62175	1031	0	0	11729	222	0	7590	86	6	0	91	2294	2287	0	25	2	0	2	0	4	15981	11988	1380	5442
d78ctrl189	78	ctrl	7581	3166	3863	599	40139	45	1941	15	108466	57	25771	5283	91444	62561	17095	3380	632	24009	24843	24540	2566	122	15021	362	173568	62440	1503	770	32698	495	570	321	958	67241	758	0	0	10447	173	0	8362	108	114	114	78	2682	2149	12	54	15	24	21	9	54	16139	9521	616	6988
d78ex1sub	78	sub	6271	10653	1312	20	30384	8	1077	8	120343	20	23387	2717	90361	47025	44106	4389	502	13532	14168	7788	723	8	20080	79	205461	32634	311	266	13092	297	178	281	16	59816	281	0	0	7177	12	0	2817	4	12	20	486	99	4784	4	32	0	0	4	4	12	476	18710	20	7276
d78ex2sub	78	sub	3952	8532	1049	156	41942	0	783	24	157977	0	23073	2666	82122	45634	22702	10742	145	13623	18130	10781	1217	12	23879	48	181430	45960	880	301	25643	735	508	120	0	65975	434	0	0	15459	24	0	5345	24	0	24	313	48	4897	0	24	0	24	0	0	0	891	14866	48	9663
d78ex3sub	78	sub	3865	16102	21475	130	49699	4	1684	0	148705	38	26612	1876	58171	72084	81474	3105	397	6901	31058	16478	679	6	24164	20	460714	32752	374	524	64784	497	1154	150	12	57406	385	40	62	5141	34	4	4287	12	6	10	445	48	8714	0	20	0	4	8	0	2	2531	40448	154	10363
d78sub191	78	sub	2903	8607	1515	266	21911	27	1328	23	94446	165	23346	686	61116	48994	24214	3998	192	6698	16191	10139	869	27	21216	188	108852	32204	289	137	24268	559	824	704	65	81658	375	0	0	3804	114	0	4309	124	73	5	114	19	6062	19	96	18	23	55	5	32	3052	10754	321	15774
d78sub192	78	sub	6037	13317	1834	175	38009	13	1049	0	174544	25	27065	4275	105468	64379	46874	8761	577	20177	23072	13285	1072	13	23005	76	207114	41036	270	71	24287	264	872	459	6	77712	209	13	13	7578	19	0	7119	13	13	50	132	50	7513	6	0	0	0	0	13	6	787	23575	82	13551
d78sub193	78	sub	3583	5039	2557	157	24224	95	1808	19	124630	56	27529	1117	78765	60730	32790	4784	331	5977	24665	13223	1746	46	17748	191	162746	40545	307	783	26396	406	487	322	33	76097	206	12	3	8238	166	0	5774	31	43	60	121	106	3896	13	72	10	4	43	1	28	3667	15443	175	8447
d78sub194	78	sub	3360	5943	2951	168	31803	16	1007	5	173733	0	39965	3024	122289	88085	17728	1132	156	13064	43180	25087	900	0	25475	81	205055	36406	699	827	56413	809	505	276	5	81833	334	0	0	3851	55	0	8388	5	16	33	75	796	3284	0	22	0	0	0	0	16	1165	9126	210	16091
d78sub195	78	sub	1838	3095	752	154	23112	3	551	8	98444	0	22411	339	55373	50878	21752	1629	166	4806	11962	8954	712	0	23416	21	115299	37487	90	184	17633	230	1076	96	5	58698	389	0	0	1959	37	0	2895	78	0	14	78	58	4102	0	16	0	3	11	0	3	8155	10417	536	7274
d78sub196	78	sub	3798	8116	1503	290	36854	29	926	9	163118	0	35342	3889	106489	77202	42507	5868	124	16762	32533	17015	769	6	22161	82	248664	37866	413	412	58100	972	926	235	3	59857	554	0	0	6898	63	17	7150	30	6	12	100	283	5980	0	6	0	3	14	3	3	1048	19976	305	6748
d78sub197	78	sub	3775	4988	1225	105	18233	39	1239	4	123119	4	22820	1161	73208	54702	24131	4684	120	6719	30300	14654	677	9	18867	51	168539	31454	345	380	32545	493	641	195	4	54715	92	57	66	4139	55	0	6508	4	13	8	90	93	2689	2	4	0	0	0	0	0	1271	10010	207	7501
d78sub198	78	sub	3097	23791	837	92	23816	3	436	0	155761	0	32712	2018	83949	77157	90326	1735	206	7202	24045	12221	607	5	21813	35	287233	27765	100	242	26059	461	513	266	3	86263	443	0	0	5330	16	0	2391	0	5	3	71	14	5829	0	8	0	8	0	3	3	5384	51507	207	13121
d78sub199	78	sub	4236	11884	986	73	18006	6	936	7	150732	13	25149	1146	66564	54736	31647	4823	707	5846	22615	11759	1866	0	20773	23	137815	27491	218	325	16139	592	120	606	10	70828	393	0	3	11090	10	0	6699	17	3	0	59	107	11503	0	7	0	0	10	0	3	676	18839	83	11829
d78sub200	78	sub	2590	6235	1815	47	16364	8	875	0	137496	14	21796	1047	81620	52007	30197	11910	70	6329	21879	12577	1474	6	17448	23	219218	22934	481	216	29760	1746	834	106	6	59347	467	0	11	4455	12	0	9820	23	0	6	100	125	3825	0	0	6	8	8	3	0	1962	19501	142	5811
d78ther201	78	ther	6600	13124	2125	134	39864	74	2332	40	171250	100	32046	3863	121530	78974	34662	3790	294	25367	26113	16371	4800	66	21262	257	231198	56550	236	392	22782	403	265	1283	24	76483	167	43	48	6868	197	0	4517	102	63	62	110	92	16344	5	81	13	41	84	33	47	1692	14214	173	13832
d78ther202	78	ther	6010	11758	4387	68	30237	482	784	309	159019	741	30974	1849	114171	76091	53574	5988	661	17537	21795	19148	3087	337	19706	2509	181020	40433	601	240	15144	1227	322	746	295	78280	77	0	0	11196	826	0	5520	512	312	444	426	358	13111	105	522	93	108	407	49	377	618	26310	446	8801
d78ther203	78	ther	5329	15731	2643	77	27801	20	6588	0	212756	36	29481	2036	136059	87091	37779	3891	667	15058	34330	18945	8140	46	22053	154	144046	32002	415	333	15692	990	421	421	36	61327	5	0	0	6953	41	0	5000	0	61	20	25	72	24481	0	31	10	21	26	5	10	918	20281	127	8124
d78ther204	78	ther	4701	12747	2991	140	28394	386	3349	66	166994	307	31590	2621	116079	76828	38211	8201	490	13312	24880	15813	3716	160	24000	893	201964	42539	434	101	15063	823	341	841	95	59248	146	0	0	10934	735	0	11157	208	159	219	453	139	15211	48	207	61	78	159	45	105	1060	22305	548	8010
d78ther205	78	ther	5581	17980	3933	217	31388	48	1238	0	198629	48	38148	1862	98703	73774	46469	11255	392	10679	33820	17269	2592	6	20848	187	154884	37223	54	163	19334	1879	1257	314	0	60443	290	0	24	8564	24	0	12092	24	18	36	120	48	19979	12	18	0	6	48	6	6	767	21297	168	12395
d78ther206	78	ther	7863	15572	4159	184	49057	94	1093	6	222128	16	40192	9787	202332	92598	29731	4630	865	42927	35018	31394	8601	35	21756	168	279182	64463	373	231	18460	1575	406	228	15	66341	1027	0	0	7278	155	0	5457	68	3	25	232	77	25816	6	68	23	19	61	0	13	2793	16997	444	7389
d78ther207	78	ther	6035	20904	4295	131	33188	26	3145	13	160975	19	22845	3333	85154	54407	46714	6902	488	21237	20188	12771	4117	15	24684	158	184666	42692	468	351	10627	1421	797	671	15	67359	736	0	0	13002	47	0	3914	37	35	18	32	154	27649	16	8	3	0	29	8	31	915	26337	171	14342
d78ther208	78	ther	3109	19957	1487	716	39679	218	5190	35	163781	69	25480	1123	65729	88700	52921	4760	230	8621	32294	21141	985	45	15110	86	198399	51184	113	315	17403	682	507	61	17	64779	158	0	7	5155	202	0	4878	108	13	28	206	69	17982	0	21	0	0	27	10	10	2884	29001	140	11643
d78ther209	78	ther	4975	23959	2883	272	39452	140	2558	12	167388	104	36477	6081	167246	89783	63135	4998	648	24766	31922	25052	7589	47	16314	256	230386	50713	343	293	35980	759	611	579	36	66600	301	12	0	7152	445	0	4652	167	60	39	204	169	16329	12	89	24	15	50	18	33	2988	34107	232	12577
d78ther210	78	ther	3929	22758	3124	478	28652	33	1172	23	194858	49	34123	3736	112096	74990	61719	13721	341	18734	26953	19916	2876	16	15912	170	247295	40124	268	466	20653	539	726	457	59	70926	2027	0	0	7720	149	0	7221	92	21	16	71	78	22957	5	23	0	8	31	8	10	1065	30447	313	10012