sample	day	trt	"_Bacteroides conjugation system ATPase, TraG family_"	"_conjugative coupling factor TraD, SXT/TOL subfamily_"	Bacteroides conjugative transposon TraJ protein	Bacteroides conjugative transposon TraK protein	Bacteroides conjugative transposon TraM protein	Bacteroides conjugative transposon TraN protein	conjugal transfer/type IV secretion protein DotA/TraY	conjugative relaxase domain	conjugative transfer signal peptidase TraF	P-type conjugative transfer protein VirB9	P-type DNA transfer ATPase VirB11	plasmid transfer ATPase TraJ	TraB family protein	TraF-like protein	type IV conjugative transfer system coupling protein TraD	type IV conjugative transfer system pilin TraA	type IV conjugative transfer system protein TraE	type IV conjugative transfer system protein TraL	type IV conjugative transfer system protein TraV	type IV pilus assembly protein PilM	type IV pilus biogenesis protein PilP	type IV pilus biogenesis/stability protein PilW	type IV pilus secretin PilQ	type-F conjugative transfer system mating-pair stabilization protein TraN	type-F conjugative transfer system pilin acetylase TraX	type-F conjugative transfer system pilin assembly protein TraF	type-F conjugative transfer system pilin assembly protein TrbC	type-F conjugative transfer system pilin assembly thiol-disulfide isomerase TrbB	type-F conjugative transfer system pilin chaperone TraQ	type-F conjugative transfer system protein TraW	type-F conjugative transfer system protein TrbI	type-F conjugative transfer system secretin TraK	type-IV secretion system protein TraC
d07ctrl031	7	ctrl	7	94	2	3	0	0	392	423	0	0	360	202	5	62	752	117	107	106	178	273	233	1367	2094	529	295	253	202	259	47	251	159	308	690
d07ctrl032	7	ctrl	178	113	41	33	72	89	184	102	0	0	962	65	4	59	210	22	48	37	47	47	408	1970	679	150	72	75	61	59	11	91	33	102	280
d07ctrl033	7	ctrl	466	38	229	116	353	150	56	45	0	0	86	41	8	8	222	34	34	30	87	2012	105	7801	744	199	68	120	64	86	19	90	41	53	192
d07ctrl034	7	ctrl	0	7	0	0	0	0	0	49	0	0	14	7	7	0	38	0	3	7	3	24	6	735	24	0	13	10	10	7	7	7	3	21	35
d07ctrl035	7	ctrl	361	452	96	80	159	74	149	366	0	0	664	42	106	202	956	74	202	90	255	22	446	8404	1493	744	260	346	351	287	48	282	207	260	754
d07ctrl036	7	ctrl	49	7	80	38	66	56	7	49	0	0	52	7	7	0	87	21	14	0	7	94	35	977	299	45	28	41	45	10	7	17	21	49	76
d07ctrl037	7	ctrl	24	0	0	0	10	10	0	5	0	0	44	10	29	10	5	5	15	0	5	39	29	1248	77	10	0	10	0	5	0	0	5	15	5
d07ctrl038	7	ctrl	8	109	8	0	15	15	339	505	0	0	3523	140	15	53	1350	162	283	264	302	19	1750	3772	2644	1079	389	393	487	502	147	449	290	434	1347
d07ctrl039	7	ctrl	712	42	251	155	438	280	16	16	0	0	81	26	19	6	35	10	6	3	16	415	51	439	164	29	13	9	3	13	3	6	13	13	45
d07ctrl040	7	ctrl	1279	70	565	359	815	491	226	258	0	0	620	94	43	82	706	136	125	109	105	152	210	218	1486	523	187	160	187	191	66	148	109	195	530
d07sub041	7	sub	0	43	0	0	6	0	4320	860	0	23	5603	2409	0	32	2334	227	447	324	662	6	3628	1537	1569	1552	880	878	574	910	126	869	353	783	2203
d07sub042	7	sub	13	98	0	0	0	0	468	1529	0	26	7375	182	0	33	3869	436	741	598	1288	0	3259	2270	2205	3349	1301	1334	1197	1424	312	1385	852	1034	4032
d07sub043	7	sub	0	1350	0	0	0	0	260	701	0	24	1145	168	0	793	1890	252	376	296	573	0	805	16	1289	1005	600	600	453	448	116	737	416	416	1650
d07sub044	7	sub	0	29	0	0	0	0	52	171	0	0	468	26	9	0	352	31	92	32	141	0	228	12	182	239	109	96	81	69	0	110	49	130	193
d07sub046	7	sub	0	14	0	0	0	0	0	71	0	0	33	17	0	9	208	45	38	24	45	0	30	137	85	97	40	46	54	33	12	28	28	40	168
d07sub047	7	sub	0	71	0	0	0	0	143	370	0	17	388	51	17	29	684	85	154	106	174	0	255	28	408	474	249	217	154	200	34	277	143	262	622
d07sub048	7	sub	13	581	9	0	9	27	1376	1970	0	45	11125	679	0	326	5430	697	1050	930	1627	0	5055	161	2807	3638	1869	1618	1354	1676	335	1953	974	1551	4840
d07sub049	7	sub	0	733	0	0	0	0	823	1396	0	11	398	443	0	358	3924	443	681	522	1216	0	273	11	1659	3169	1216	1140	999	1068	153	1488	699	914	3759
d07sub050	7	sub	282	155	118	114	232	86	118	692	14	23	1375	114	0	64	1639	209	319	200	468	0	1006	1479	1170	1165	528	468	551	383	64	592	341	660	1197
d07ther051	7	ther	0	39	0	0	3	3	108	247	0	17	164	47	0	42	556	117	97	103	180	0	50	17	509	439	245	131	186	211	61	158	95	225	592
d07ther052	7	ther	0	165	0	0	0	0	363	1034	0	49	2325	197	20	89	2269	345	424	350	721	5	1317	222	1438	1514	858	786	629	646	116	819	387	801	2067
d07ther053	7	ther	0	94	0	0	0	0	132	465	0	3	341	30	27	34	1069	152	280	148	280	0	168	3	472	715	432	330	277	374	98	368	219	354	894
d07ther054	7	ther	4	657	0	0	0	0	646	2280	0	77	1291	201	4	371	4646	518	773	646	1133	0	626	12119	2122	3220	1469	1426	1113	1322	232	1361	734	1218	4318
d07ther055	7	ther	0	59	0	0	0	0	113	114	0	15	176	26	41	22	282	37	88	51	84	0	81	58	157	253	183	135	73	161	11	99	48	99	263
d07ther056	7	ther	0	78	0	0	0	0	210	431	0	117	449	141	1039	17	1030	203	149	177	305	0	205	421	616	692	329	300	277	205	43	236	145	184	796
d07ther057	7	ther	0	18	0	0	0	0	51	141	0	5	125	2	146	7	483	63	90	106	111	0	32	1451	280	386	85	146	169	118	39	187	76	141	395
d07ther058	7	ther	0	465	0	0	0	0	930	465	0	0	2326	1163	0	0	3024	0	930	698	698	0	465	233	2093	3024	931	1163	1395	465	465	3024	465	0	3721
d07ther059	7	ther	0	383	0	0	0	0	1297	1087	0	25	3934	632	22	173	2425	332	585	347	835	0	2277	28	1626	1565	766	802	585	701	137	849	437	712	1940
d07ther060	7	ther	0	143	0	0	0	0	2040	1106	0	9	1032	907	0	64	2593	350	438	373	705	0	893	9383	2215	1548	838	866	719	852	166	737	470	659	2266
d35ctrl091	35	ctrl	59	0	6	12	3	41	0	3	0	0	0	0	12	0	50	0	6	0	15	302	3	133	24	18	3	21	12	6	0	27	0	32	12
d35ctrl092	35	ctrl	589	2	289	120	316	228	10	22	0	0	5	0	42	0	20	0	15	0	10	453	0	32	37	5	10	0	17	7	0	10	22	12	20
d35ctrl093	35	ctrl	102	0	48	9	24	30	3	30	0	0	0	0	6	0	69	3	12	3	9	159	0	132	33	33	24	21	0	0	0	60	15	21	21
d35ctrl094	35	ctrl	4	4	0	0	0	0	19	91	0	0	15	7	22	11	92	11	33	11	18	268	11	99	11	4	63	54	4	55	15	40	18	40	59
d35ctrl095	35	ctrl	274	0	53	61	126	91	23	73	0	0	4	11	115	0	80	8	15	19	15	198	49	112	19	0	8	12	0	34	0	11	8	42	69
d35ctrl096	35	ctrl	70	0	44	8	61	25	56	23	0	0	11	8	17	17	53	20	19	8	41	292	6	19	19	25	25	42	8	20	0	17	22	50	61
d35ctrl097	35	ctrl	4206	50	1674	1028	2377	1495	199	139	0	0	7	109	3	20	196	46	70	60	76	328	46	57	70	24	133	149	70	13	27	63	66	56	176
d35ctrl098	35	ctrl	129	0	30	20	45	30	0	0	0	10	0	0	20	0	0	0	0	5	0	511	0	398	0	0	0	15	0	0	0	0	5	0	15
d35ctrl099	35	ctrl	1256	0	512	278	818	438	0	8	0	0	0	0	39	8	23	0	0	0	0	618	4	12	0	0	8	4	16	0	4	4	0	0	8
d35ctrl100	35	ctrl	90	0	64	44	47	44	13	53	0	0	0	17	23	0	57	20	10	17	10	167	6	57	13	0	7	10	3	13	0	17	7	7	17
d35sub101	35	sub	44	15	3	3	15	9	35	94	0	0	3	26	23	3	62	6	35	21	35	21	9	53	18	0	9	18	12	12	0	18	0	9	29
d35sub102	35	sub	35484	16	13441	7693	19534	11911	53	61	0	5	16	21	276	14	86	16	16	5	30	5	21	17869	35	23	40	60	2	37	9	23	9	42	113
d35sub103	35	sub	507	43	197	112	137	185	99	35	34	0	52	30	26	0	30	17	4	0	26	43	21	18	56	17	17	9	13	35	4	9	13	39	17
d35sub104	35	sub	70	0	27	15	50	35	54	43	0	0	0	4	20	0	27	4	4	4	27	27	4	24	15	8	31	4	0	31	0	19	8	19	23
d35sub105	35	sub	230	7	80	42	112	95	0	7	0	0	5	0	67	2	0	0	0	0	0	19	2	369	0	10	0	14	0	5	0	10	0	5	17
d35sub106	35	sub	84	33	13	13	38	29	209	188	25	8	33	67	8	92	284	29	33	88	96	58	67	13	155	21	108	134	38	54	38	100	38	113	234
d35sub107	35	sub	33	0	23	18	23	36	26	0	0	0	5	15	49	10	18	5	10	5	15	15	10	110	15	3	5	18	5	0	0	5	3	18	5
d35sub108	35	sub	1749	79	894	394	1005	607	84	186	10	0	8	25	36	66	345	89	79	51	68	26	36	40	99	18	132	125	53	97	18	63	99	114	211
d35sub109	35	sub	156	7	71	20	68	41	10	21	0	0	0	0	64	7	24	3	0	0	7	13	0	27	7	0	0	21	0	10	3	0	7	14	7
d35sub110	35	sub	4244	0	1666	1099	2228	1521	41	8	0	0	21	37	178	17	25	4	4	8	29	33	4	6939	29	0	0	4	4	58	0	17	8	12	37
d35ther111	35	ther	0	2659	0	0	0	0	8670	1762	0	17	368	4203	0	1469	3999	555	1211	758	1357	3	1999	6	2353	816	1574	1761	928	1227	517	1472	820	1615	3081
d35ther112	35	ther	0	38	0	0	0	0	94	80	0	7	14	63	28	31	76	10	10	14	28	0	24	0	63	38	52	41	10	27	3	28	14	3	83
d35ther113	35	ther	333	35	140	70	197	162	101	53	0	0	35	53	13	9	57	9	39	9	35	0	18	806	88	13	57	39	9	35	9	35	35	13	88
d35ther114	35	ther	10	21	0	0	0	0	77	29	0	24	10	12	185	5	105	15	14	33	31	0	21	12	34	5	28	36	14	15	5	36	26	5	86
d35ther115	35	ther	6	76	0	0	3	0	164	101	0	9	60	95	285	51	174	19	79	54	92	6	31	6	79	70	88	91	63	79	19	133	51	51	202
d35ther116	35	ther	131	39	66	22	131	48	48	65	0	0	31	48	455	22	223	35	52	52	61	0	17	34	61	44	105	118	17	56	31	74	61	74	140
d35ther117	35	ther	32	0	0	4	12	32	36	36	0	0	40	8	24	12	75	0	20	4	12	0	32	8	36	12	8	4	12	44	0	0	8	59	36
d35ther118	35	ther	24	63	0	6	0	0	122	78	0	0	48	83	72	36	235	45	42	21	51	3	18	3	146	0	93	114	42	39	24	51	12	36	92
d35ther119	35	ther	0	13	0	0	0	0	88	45	0	21	19	64	93	13	106	10	29	32	21	3	11	0	93	40	77	29	29	34	16	50	34	13	95
d35ther120	35	ther	12	246	0	0	12	0	598	45	0	36	57	264	24	87	108	27	27	18	48	0	120	30	129	21	66	48	24	39	6	51	24	57	69
d78ctrl181	78	ctrl	35799	4	14509	8202	17931	12750	18	36	0	0	0	0	780	2	4	0	2	9	0	1951	7435	25907	7	2	4	11	0	13	2	4	4	22	16
d78ctrl182	78	ctrl	24634	6	9664	5487	11735	8680	3	0	0	0	41	0	207	3	32	0	0	0	0	2546	76	1787	6	6	0	13	0	12	0	0	0	0	6
d78ctrl183	78	ctrl	32375	10	13043	7569	15163	11422	15	116	0	0	13	8	201	0	203	36	43	15	63	1058	8	1304	93	0	78	98	10	45	28	48	35	60	108
d78ctrl184	78	ctrl	31051	3	12899	7651	16079	11846	8	8	0	0	63	3	378	0	11	3	8	0	17	2703	16	649	33	5	5	3	0	5	14	44	0	11	16
d78ctrl185	78	ctrl	28390	0	10958	6465	14029	9770	21	39	0	0	42	5	318	0	8	10	0	5	5	1335	449	1778	8	0	0	0	0	10	0	16	13	10	8
d78ctrl186	78	ctrl	34415	0	14495	8277	17530	12523	7	60	0	0	18	0	323	0	60	28	14	7	7	1155	7	3348	21	0	35	36	25	14	7	4	7	21	53
d78ctrl187	78	ctrl	42971	0	17762	10374	20891	15890	13	7	0	0	33	13	158	0	13	0	7	0	3	1426	699	863	0	7	17	17	0	13	26	13	0	0	16
d78ctrl188	78	ctrl	34450	4	13921	8257	16682	12506	13	13	0	0	29	0	711	4	11	4	9	0	7	1701	4195	28480	13	0	9	6	4	4	2	7	4	9	18
d78ctrl189	78	ctrl	51347	6	20359	11832	25604	18390	36	132	0	0	78	6	299	30	200	6	42	21	45	2388	15	5531	48	6	48	66	27	27	9	6	57	33	75
d78ex1sub	78	sub	12350	24	4756	2984	5773	4519	20	8	0	0	0	0	339	8	0	4	20	20	16	315	12	351	0	28	8	0	0	20	0	8	0	8	39
d78ex2sub	78	sub	24525	0	11019	6541	13373	9571	0	0	0	0	0	0	109	0	24	0	24	0	0	97	0	96	0	0	24	0	0	0	0	12	0	0	0
d78ex3sub	78	sub	57118	4	23596	13870	29334	21115	8	4	0	0	60	2	185	8	6	6	4	0	0	237	0	1223	16	0	6	14	4	0	0	4	2	0	2
d78sub191	78	sub	20951	9	8698	4814	10421	7109	5	193	0	0	9	9	1361	18	270	51	82	55	73	37	9	7870	92	41	101	170	55	59	23	124	78	73	261
d78sub192	78	sub	24774	25	9921	5710	12148	9055	37	0	0	0	0	0	163	6	13	0	0	0	19	50	0	6	13	6	0	6	19	0	0	25	0	13	0
d78sub193	78	sub	42646	15	17079	10286	21949	15919	72	160	6	3	9	25	495	19	96	13	28	24	32	209	13	186	91	6	30	45	15	29	6	22	10	31	52
d78sub194	78	sub	61382	0	24579	14936	30282	22448	0	32	0	0	0	32	178	0	32	5	11	11	16	189	11	54	22	11	43	38	0	49	5	11	11	0	32
d78sub195	78	sub	22335	5	8956	5386	10895	8590	14	24	0	5	5	27	1078	0	67	5	19	16	19	115	0	3391	13	14	21	19	5	10	5	21	21	16	40
d78sub196	78	sub	44871	6	18387	10869	23381	16617	23	15	0	0	46	0	389	3	23	3	11	11	20	134	3	1838	11	3	6	3	6	34	3	23	17	9	11
d78sub197	78	sub	59925	0	23322	14289	28509	21746	9	4	0	0	9	0	207	0	11	0	0	0	0	309	0	3269	9	9	2	0	4	0	0	7	2	22	2
d78sub198	78	sub	28320	0	11540	6111	13063	10026	5	0	0	0	0	11	121	0	11	0	11	3	5	96	3	11	8	0	0	8	5	11	0	16	5	5	8
d78sub199	78	sub	26134	7	10012	6401	12423	9138	3	3	0	0	0	7	340	7	36	0	0	0	7	36	0	29	0	0	27	10	0	10	0	3	10	0	16
d78sub200	78	sub	44972	0	17347	11269	21677	17960	22	20	0	0	0	0	252	0	11	0	3	17	6	69	0	2451	19	3	0	6	0	6	0	0	0	0	6
d78ther201	78	ther	21697	87	8503	4747	10718	7615	328	95	0	31	25	202	429	49	138	23	26	33	59	202	76	5	123	3	40	59	43	41	28	46	43	31	79
d78ther202	78	ther	23888	194	8747	5562	10917	8450	1991	778	0	401	1213	843	185	228	1710	213	444	318	641	228	531	6	673	232	852	895	383	488	139	577	324	543	1022
d78ther203	78	ther	19890	31	7600	4860	8903	7159	87	52	10	21	36	36	267	25	103	5	0	10	51	82	41	877	15	25	21	40	5	21	0	15	10	21	46
d78ther204	78	ther	17956	68	7276	4339	8203	6580	314	447	0	5	63	159	484	197	419	78	159	93	154	187	61	139	298	121	174	250	73	119	45	154	76	167	298
d78ther205	78	ther	32317	12	12887	8245	14550	12030	42	6	0	0	12	48	369	0	60	0	0	0	0	187	0	78	54	0	24	0	0	6	6	12	0	12	12
d78ther206	78	ther	22217	16	8758	5230	10202	8444	78	113	0	0	3	32	78	78	94	20	45	26	45	107	9	25	68	42	42	48	36	29	26	39	26	58	55
d78ther207	78	ther	1105	13	377	242	375	278	50	133	0	0	16	10	396	83	52	29	5	3	13	245	10	5	36	0	26	23	3	18	0	21	13	39	57
d78ther208	78	ther	18129	7	7260	4631	8767	6276	17	34	0	0	165	14	534	10	34	0	14	0	10	360	3	7856	14	0	21	10	7	7	0	27	27	14	21
d78ther209	78	ther	28873	21	11481	6541	13429	10440	157	57	0	6	30	27	720	21	187	15	36	36	53	537	36	1651	86	9	51	86	56	12	18	56	9	59	113
d78ther210	78	ther	33156	10	13400	7847	15877	12022	41	36	0	0	15	3	310	13	52	8	15	0	31	312	11	2961	28	0	26	13	13	18	15	13	23	8	39