geneID	d07ctrl031	d07ctrl032	d07ctrl033	d07ctrl034	d07ctrl035	d07ctrl036	d07ctrl037	d07ctrl038	d07ctrl039	d07ctrl040	d07sub041	d07sub042	d07sub043	d07sub044	d07sub045	d07sub046	d07sub047	d07sub048	d07sub049	d07sub050	d07ther051	d07ther052	d07ther053	d07ther054	d07ther055	d07ther056	d07ther057	d07ther058	d07ther059	d07ther060	d35ctrl091	d35ctrl092	d35ctrl093	d35ctrl094	d35ctrl095	d35ctrl096	d35ctrl097	d35ctrl098	d35ctrl099	d35ctrl100	d35sub101	d35sub102	d35sub103	d35sub104	d35sub105	d35sub106	d35sub107	d35sub108	d35sub109	d35sub110	d35ther111	d35ther112	d35ther113	d35ther114	d35ther115	d35ther116	d35ther117	d35ther118	d35ther119	d35ther120	d78ctrl181	d78ctrl182	d78ctrl183	d78ctrl184	d78ctrl185	d78ctrl186	d78ctrl187	d78ctrl188	d78ctrl189	d78ex1sub	d78ex2sub	d78ex3sub	d78sub191	d78sub192	d78sub193	d78sub194	d78sub195	d78sub196	d78sub197	d78sub198	d78sub199	d78sub200	d78ther201	d78ther202	d78ther203	d78ther204	d78ther205	d78ther206	d78ther207	d78ther208	d78ther209	d78ther210
gene_1017907	9	15	102	2	4	22	12	4	16	51	37	13	0	4	2	9	2	3	1	2	0	12	9	6	0	26	20	0	3	24	8	11	10	11	7	3	3	1	6	14	2	38	5	2	5	4	1	25	6	6	7	1	1	6	2	18	1	1	1	7	99	41	20	83	47	38	32	27	29	9	1	21	4	0	44	4	29	13	8	34	4	17	10	3	5	4	10	6	1	8	5	9
gene_1023996	0	2	0	0	0	1	0	0	10	0	0	0	0	0	0	0	0	0	0	0	0	0	0	0	0	0	0	0	0	0	0	0	0	1	0	0	3	0	0	0	0	0	0	0	0	0	0	0	0	0	0	0	0	0	0	0	0	0	0	0	0	2	3	4	23	6	6	0	0	0	0	0	0	0	0	0	0	0	0	0	0	0	0	0	0	0	0	0	0	1	0	0
gene_1028747	41	11	4	0	8	3	2	24	3	12	16	8	8	0	13	0	7	23	9	10	5	29	7	12	2	16	4	1	17	17	0	2	0	0	0	0	3	0	0	1	0	1	1	1	0	3	1	3	0	0	10	0	2	0	3	1	1	8	1	4	1	0	1	0	3	0	0	0	1	0	0	0	1	0	8	0	2	1	0	0	1	0	3	21	4	14	1	3	3	0	2	0
gene_1028748	303	82	21	5	73	16	7	178	10	92	131	72	112	20	82	11	55	163	100	62	35	185	30	158	11	79	24	2	104	156	0	1	2	8	3	0	2	0	0	2	4	4	6	5	0	15	4	12	3	3	201	6	13	8	6	5	3	10	16	19	3	2	3	2	2	1	0	3	7	0	0	2	8	2	21	0	0	2	3	3	1	1	22	74	2	48	4	9	6	3	5	3
gene_1055257	425	146	70	1	55	114	239	1299	71	159	2	1	0	1	0	0	0	4	0	2	0	3	2	0	1	3	0	0	1	0	67	170	173	434	397	177	394	73	75	257	91	48	49	106	29	206	34	269	39	3	0	0	0	0	0	0	0	0	0	1	2	4	8	4	6	13	6	0	8	0	5	0	5	9	16	2	0	1	0	4	5	5	4	31	10	38	4	7	11	2	2	2
gene_1055467	0	0	0	0	0	0	30	0	0	0	0	0	0	0	0	0	0	0	0	0	0	0	0	0	0	0	0	0	1	0	45	0	0	5	1	112	19	0	0	1	0	0	0	0	0	0	0	0	0	0	0	0	0	0	0	0	0	0	0	0	35	21	0	12	16	33	6	0	2	110	5	362	49	215	152	1	14	3	1	65	272	117	340	58	60	974	53	1501	84	88	16	135
gene_1059415	1	15	0	0	0	2	2	1	0	1	0	5	0	0	14	1	1	3	0	19	1	1	1	1	2	0	3	0	0	0	0	2	0	1	4	0	0	1	0	6	0	0	0	0	0	0	0	0	0	0	0	0	1	0	0	0	0	0	0	0	0	0	2	1	1	2	0	2	1	0	0	2	0	2	8	0	0	0	0	0	0	0	0	0	0	6	0	0	0	1	0	0
gene_1061996	213	64	27	5	77	16	3	121	6	48	151	89	92	16	76	8	28	213	85	52	13	120	29	138	17	69	22	3	81	81	1	4	0	7	1	1	9	1	1	1	4	3	7	2	0	12	3	23	2	7	210	8	7	6	11	14	4	11	5	8	2	1	14	3	3	2	1	0	6	3	0	0	9	0	16	1	1	0	3	1	1	2	10	84	4	45	0	5	3	5	13	5
gene_1062008	177	36	26	2	82	10	2	137	9	71	100	111	125	13	57	12	33	174	92	66	16	113	38	148	12	51	18	2	114	103	2	7	4	7	0	0	6	0	1	2	3	8	2	0	0	9	3	28	0	1	221	6	4	6	11	3	4	19	2	10	3	0	3	1	3	1	0	4	10	3	1	0	8	0	16	0	1	3	0	0	0	1	13	55	4	41	3	4	2	2	9	4
gene_1065706	131	47	17	2	61	8	0	147	2	57	80	89	34	12	52	13	13	156	34	51	13	80	31	106	6	42	30	2	78	70	0	0	0	0	0	0	3	0	0	0	0	4	0	0	0	1	0	4	0	0	27	0	0	0	1	0	0	0	0	3	0	0	0	0	0	0	0	0	1	0	0	0	0	0	1	0	0	0	0	0	0	3	0	0	2	2	0	1	0	0	1	1
gene_1066577	0	0	3	0	0	0	0	0	1	0	0	0	0	0	0	0	0	0	0	0	0	1	0	0	0	0	1	0	0	0	0	0	0	0	0	0	0	0	0	0	0	1	0	0	0	0	0	0	0	3	0	0	1	0	0	0	0	0	0	0	1	0	0	0	0	0	0	3	0	0	0	0	0	0	0	0	2	0	0	0	0	0	0	0	0	1	0	0	0	0	0	1
gene_1066737	0	0	2	0	0	0	0	0	0	0	0	0	0	0	0	0	0	0	0	0	0	0	0	0	0	0	0	0	0	0	4	3	0	1	2	2	7	0	7	0	0	0	0	0	0	0	0	0	0	0	0	0	0	0	0	0	0	0	0	0	15	19	5	7	17	9	24	1	9	22	3	0	2	21	9	0	1	14	40	2	10	46	0	0	0	1	4	0	0	0	3	21
gene_1086474	0	0	0	0	0	0	0	0	0	0	0	0	0	0	0	0	0	0	0	0	0	0	0	0	0	0	0	0	0	0	0	0	0	0	0	0	0	0	0	1	0	0	0	0	0	0	0	0	0	0	0	0	0	0	0	0	0	0	0	0	1	15	14	10	6	9	8	6	6	1	1	12	4	2	1	5	8	5	36	2	0	1	0	1	0	10	0	0	0	6	1	7
gene_1098692	11	17	16	0	3	5	15	0	4	5	7	7	1	18	30	22	19	6	0	15	36	23	3	4	28	11	31	0	1	3	0	4	3	5	21	1	0	6	7	25	19	0	0	7	1	0	0	1	0	0	0	7	27	0	1	1	3	3	0	5	11	2	8	6	11	29	5	7	7	0	10	0	2	2	27	1	8	4	24	153	37	46	21	4	6	6	2	8	11	456	11	7
gene_1123692	532	123	54	4	115	22	4	307	18	131	236	158	202	29	124	16	74	317	173	125	65	221	60	274	23	122	42	4	180	221	0	4	4	8	3	2	10	0	0	7	9	13	14	2	2	31	7	35	2	7	378	14	7	12	12	17	4	25	16	24	3	4	7	1	8	5	2	3	23	1	1	6	10	0	27	1	0	7	4	2	3	4	31	151	10	94	9	24	22	7	18	11
gene_1128721	15	27	0	77	5	0	2	3	1	0	45	4	3	11	150	95	454	15	0	9	305	137	5	1	178	20	144	0	5	7	0	2	14	22	5	1	8	4	18	4	5	0	74	26	23	74	1	179	8	0	9	25	3	52	0	18	29	3	4	19	0	0	0	0	0	0	0	0	0	0	0	0	0	0	0	0	0	0	0	0	0	0	0	0	0	0	0	0	0	0	0	0
gene_1129240	0	2	4	1	1	0	1	2	0	2	18	5	0	2	4	5	0	6	0	1	0	2	0	5	2	3	2	0	2	11	0	2	0	0	0	0	1	0	0	1	2	0	0	0	2	1	2	0	2	1	3	0	0	6	2	0	0	0	0	0	7	2	0	2	7	3	2	4	5	0	0	2	0	0	0	1	0	1	2	2	1	6	0	2	2	1	0	2	0	2	2	5
gene_1144465	297	64	37	3	97	13	4	219	6	107	157	110	106	19	74	11	46	243	82	82	28	156	31	164	9	77	34	3	131	125	0	2	2	1	0	0	4	0	0	2	5	9	3	2	1	3	0	7	0	0	105	3	2	0	1	3	1	7	6	10	0	0	0	1	2	3	0	1	7	0	0	2	4	0	9	2	1	2	0	0	0	0	8	27	2	14	0	0	0	1	2	0
gene_1144466	334	87	54	2	140	22	2	288	8	142	211	156	115	30	111	8	55	277	119	62	34	189	39	234	24	97	35	3	157	181	2	3	0	3	0	0	4	1	0	1	0	8	1	0	0	16	0	7	0	1	104	2	1	4	4	3	3	3	4	1	1	1	8	1	1	1	0	0	6	0	0	0	7	0	8	0	2	2	1	1	0	0	2	27	3	18	1	2	2	1	2	4
gene_1144468	105	30	18	2	36	4	1	89	5	47	85	58	44	13	23	9	17	89	44	18	8	47	8	60	4	38	5	3	52	50	0	0	0	1	1	1	3	0	0	0	0	0	2	0	0	7	0	5	1	0	25	1	1	1	0	2	0	3	5	3	0	0	3	1	1	0	0	0	2	0	0	1	2	1	5	0	1	0	0	0	2	0	0	11	1	4	2	1	2	0	1	1
gene_1144469	75	19	5	2	29	4	0	67	2	21	42	27	38	5	37	0	16	78	35	26	10	56	11	60	5	30	19	1	42	36	0	1	0	0	1	1	2	0	0	1	2	8	1	0	0	7	3	6	0	6	63	2	2	1	3	0	1	1	3	10	0	1	1	3	1	0	0	0	3	0	0	1	5	1	5	0	1	0	1	0	1	0	5	24	2	13	0	3	2	0	4	0
gene_1155404	0	0	0	0	0	0	0	0	0	0	0	0	0	0	0	0	0	0	0	0	0	0	0	0	0	0	0	0	0	0	8	0	0	5	33	2	4	0	0	0	0	2	32	1	0	30	0	0	153	3	1	0	0	2	4	0	0	0	4	0	2	4	0	1	6	2	3	0	0	25	7	10	11	15	40	1	8	3	9	5	46	25	11	1	1	21	15	11	47	18	5	8
gene_1155997	10	0	0	1	0	0	7	0	0	1	11	0	9	5	51	54	26	11	6	5	60	112	101	7	10	1	37	0	12	3	1	4	7	27	0	14	7	14	1	6	35	0	2	16	13	5	28	8	28	0	26	5	0	6	2	0	15	12	11	11	0	6	1	3	1	0	2	0	0	8	1	0	0	2	10	0	0	0	0	0	0	0	1	0	9	3	0	1	7	0	4	1
gene_1157306	0	0	0	0	0	0	0	0	0	0	0	0	0	0	0	0	0	0	0	0	0	0	0	0	0	0	0	0	0	0	0	0	0	0	0	0	0	0	0	0	0	0	0	0	0	0	0	0	0	0	0	0	0	0	0	0	0	0	0	0	0	0	0	0	0	0	0	0	0	0	0	0	0	0	0	0	0	0	0	0	0	0	0	0	0	0	0	0	0	0	0	0
gene_1157308	0	0	0	0	0	0	0	0	0	0	0	0	0	0	0	0	0	0	0	0	0	0	0	0	0	0	0	0	0	0	0	0	0	0	0	0	0	0	0	0	0	0	0	0	0	0	0	0	0	0	0	0	0	0	0	0	0	0	0	0	0	0	0	0	0	0	0	0	0	0	0	0	0	0	0	0	0	0	0	0	0	0	0	0	0	0	0	0	0	0	0	0
gene_1157310	0	0	0	0	0	0	0	0	0	0	0	0	0	0	0	0	0	0	0	0	0	0	0	0	0	0	0	0	0	0	0	0	0	0	0	0	0	0	0	0	0	0	0	0	0	0	0	0	0	0	0	0	0	0	0	0	0	0	0	0	0	0	0	0	0	0	0	0	0	0	0	0	0	0	0	0	0	0	0	0	0	0	0	0	0	0	0	0	0	0	0	0
gene_1157312	0	0	0	0	0	0	0	0	0	0	0	0	0	0	0	0	0	0	0	0	0	0	0	0	0	0	0	0	0	0	0	0	0	0	0	0	0	0	0	0	0	0	0	0	0	0	0	0	0	0	0	0	0	0	0	0	0	0	0	0	0	0	0	0	0	0	0	0	0	0	0	0	0	0	0	0	0	0	0	0	0	0	0	0	0	0	0	0	0	0	0	0
gene_1157314	0	0	0	0	0	0	0	0	0	0	0	0	0	0	0	0	0	0	0	0	0	0	0	0	0	0	0	0	0	0	0	0	0	0	0	0	0	0	0	0	0	0	0	0	0	0	0	0	0	0	0	0	0	0	0	0	0	0	0	0	0	0	0	0	0	0	0	0	0	0	0	0	0	0	0	0	0	0	0	0	0	0	0	0	0	0	0	0	0	0	0	0
gene_1158389	539	98	69	8	123	17	2	290	14	98	190	143	168	26	155	21	66	311	141	105	62	204	53	231	24	133	36	5	179	199	0	12	3	6	5	6	22	2	0	6	4	10	6	1	1	23	12	26	1	5	316	9	11	6	17	4	5	11	15	26	1	0	7	3	6	5	0	2	17	3	0	3	9	1	32	0	1	8	8	1	2	3	30	139	6	85	8	8	8	5	23	2
gene_1179220	0	0	0	0	0	0	0	0	0	0	0	0	0	0	0	0	0	0	0	0	0	0	0	0	0	0	0	0	0	0	0	0	0	0	0	0	0	0	0	0	0	0	0	0	0	0	0	0	0	0	0	0	0	0	0	0	0	0	0	0	36	0	0	3	0	0	0	5	7	0	1	0	1	0	1	2	10	12	0	0	0	1	0	0	0	3	0	0	0	0	15	2
gene_1190788	0	0	0	0	0	0	0	0	0	0	0	0	0	0	0	1	0	0	0	0	0	0	0	0	0	0	0	0	0	0	0	0	0	0	0	0	0	0	0	0	0	0	0	0	0	0	0	0	0	0	19	0	0	0	0	0	0	0	0	2	0	0	0	0	0	0	0	0	0	0	0	0	0	0	0	0	0	0	0	0	0	0	1	1	1	0	0	0	0	0	1	0
gene_1217630	91	4	4	2	1	6	3	31	4	14	0	0	4	0	2	1	1	7	0	6	2	4	2	1	0	0	1	0	0	0	12	21	16	5	12	4	7	3	3	14	5	3	3	6	10	25	3	10	6	6	10	9	2	7	16	7	1	17	31	22	118	19	24	11	118	6	142	149	28	26	7	82	10	20	48	41	22	62	68	22	15	44	41	26	13	49	13	47	40	28	94	26
gene_1227495	0	0	0	0	0	0	0	0	0	0	0	0	0	0	0	0	0	0	0	0	0	0	0	0	0	8	0	0	0	0	0	1	0	0	0	0	0	0	0	0	0	0	0	0	0	0	0	0	0	0	0	0	0	0	0	0	0	0	0	0	1	10	0	0	6	1	2	36	2	0	0	0	0	0	0	0	0	0	0	0	0	0	0	0	0	0	0	0	0	0	0	0
gene_125189	1	0	2	0	0	0	3	0	0	1	0	1	0	0	0	0	5	0	0	4	0	0	1	0	0	1	6	0	0	1	0	9	8	0	0	0	3	12	3	1	0	0	0	0	0	0	0	0	2	0	0	0	0	0	0	1	0	0	0	0	7	0	1	7	2	25	11	3	0	21	10	34	3	15	25	5	23	4	21	22	108	9	4	9	1	3	0	4	1	26	8	4
gene_1286160	277	10	0	50	7	11	6	55	8	42	6	2	6	11	6	7	5	11	2	4	1	14	25	10	5	5	10	0	15	12	1	4	7	7	0	1	1	1	5	3	1	5	0	8	1	1	6	6	0	4	0	0	1	6	9	6	5	4	8	4	0	0	0	0	0	0	0	0	0	0	0	0	0	1	0	0	0	1	0	0	0	0	0	1	0	0	0	1	1	2	0	0
gene_1304258	0	3	0	0	1	1	0	0	1	0	2	0	0	0	0	0	1	1	0	0	0	0	0	0	0	1	1	0	0	1	3	2	3	2	1	2	2	1	0	1	1	0	0	0	12	1	0	2	4	0	1	1	2	0	1	0	2	0	5	1	0	0	0	1	2	0	0	0	0	0	0	0	1	0	1	0	1	0	0	0	0	1	0	3	0	1	1	1	1	1	0	0
gene_1310149	493	146	66	11	165	27	5	387	8	157	306	161	257	28	139	13	70	399	137	128	71	261	68	356	35	139	58	8	198	259	0	7	6	4	6	4	25	1	1	6	4	19	10	3	2	27	5	47	2	9	409	14	6	7	9	5	10	25	15	29	3	2	10	3	2	6	0	8	20	2	1	6	12	2	37	0	4	3	3	3	1	0	34	128	9	105	7	16	22	7	19	6
gene_1310150	200	55	29	6	73	6	7	133	5	42	114	101	100	10	86	14	39	172	85	52	32	115	29	123	10	73	15	3	110	126	2	8	2	5	4	1	14	0	0	1	2	7	5	1	1	7	3	16	2	3	204	5	3	3	7	5	3	16	5	23	3	2	3	0	0	1	1	0	5	2	0	1	5	0	10	5	3	0	0	2	1	0	16	65	1	36	6	4	5	4	5	7
gene_1324351	0	0	0	0	0	2	0	0	0	0	0	0	0	0	0	0	0	0	0	0	0	0	0	0	0	0	0	0	0	0	0	0	0	0	0	0	0	0	3	0	0	3	0	0	0	0	0	0	0	0	0	0	0	0	0	0	0	0	0	0	6	6	0	0	12	7	0	1	20	4	0	9	5	0	14	2	4	7	2	1	3	1	6	0	0	2	3	8	1	6	10	7
gene_1343783	232	53	38	2	57	10	0	147	8	66	104	77	64	18	58	10	26	155	74	48	29	129	20	115	16	53	27	8	92	103	0	2	1	2	2	2	12	0	0	1	2	6	2	3	0	8	6	12	0	3	133	8	3	4	2	1	2	2	4	7	0	4	11	0	0	1	0	1	1	0	0	2	3	1	13	0	0	1	0	0	0	2	12	37	3	17	2	3	4	1	7	2
gene_1361519	4	0	0	0	0	0	0	0	9	11	0	0	0	0	0	0	0	0	0	0	0	0	0	0	0	0	0	0	0	0	0	7	0	0	0	0	1	1	76	0	0	8	0	0	1	0	0	0	0	0	0	0	0	0	0	0	0	0	0	0	1	5	1	0	0	0	0	0	17	0	0	0	0	0	0	0	0	42	0	7	0	0	0	0	0	0	0	0	0	0	0	0
gene_13622	0	20	40	0	12	6	2	0	70	101	0	0	0	0	0	0	0	1	0	23	0	0	0	0	0	0	0	0	0	0	5	75	6	0	21	7	363	6	65	11	2	3919	49	8	22	2	3	206	9	264	0	0	17	0	1	10	4	0	0	2	1115	456	789	747	515	791	617	771	932	265	106	1461	346	106	1770	929	670	1531	1325	261	280	1295	442	190	53	240	142	143	29	420	539	536
gene_1365070	2	4	1	0	3	0	0	1	0	4	0	5	3	1	1	0	0	4	2	1	5	13	1	2	1	1	2	0	3	7	0	0	0	0	0	0	0	0	0	0	0	0	0	0	0	0	0	1	0	0	3	0	0	0	0	0	0	0	0	0	0	0	0	0	0	0	0	0	0	0	0	0	0	0	0	0	0	0	0	0	0	0	0	0	0	0	0	0	0	0	4	0
gene_1401649	5	4	7	0	0	3	1	2	1	1	0	2	0	2	5	14	3	0	0	2	22	27	36	0	11	78	4	0	0	0	2	3	5	4	5	1	5	7	4	5	8	0	0	2	2	0	4	13	5	0	0	5	5	5	2	1	2	11	3	2	0	2	3	9	1	3	1	2	5	0	1	1	3	1	9	0	3	3	1	0	3	1	5	3	3	2	4	1	6	7	0	4
gene_1404933	0	1	32	0	0	0	0	0	1	0	0	0	0	0	0	0	0	0	0	0	0	0	0	0	0	0	0	0	0	0	15	14	0	7	1	11	1	11	34	3	1	0	0	0	1	0	0	0	0	0	0	0	0	0	0	0	0	0	0	0	205	149	94	227	93	85	98	175	221	0	0	0	2	0	0	0	0	0	0	0	0	0	0	0	0	0	0	0	0	0	0	0
gene_1411594	235	72	40	5	88	10	0	117	8	72	133	108	100	21	84	6	47	182	80	48	34	142	42	126	9	54	25	1	108	144	0	3	1	5	3	1	10	0	2	3	4	3	1	1	0	16	2	12	3	2	228	8	5	3	7	4	11	13	9	14	2	1	9	6	0	0	1	2	13	5	0	2	4	3	17	0	3	0	0	2	0	1	20	70	2	46	2	7	3	3	7	10
gene_142345	28	10	2	1	16	0	0	11	0	5	2	3	37	1	14	1	6	22	17	8	1	9	6	25	0	7	2	0	13	5	1	0	0	3	1	0	0	0	0	0	1	0	2	0	0	1	0	5	0	0	133	0	0	8	5	1	1	3	1	6	1	0	1	2	0	1	0	1	2	1	0	0	5	0	10	0	0	0	0	0	0	0	11	19	1	9	1	3	1	2	0	0
gene_142346	23	7	2	0	13	0	1	16	4	3	8	10	63	2	16	2	8	25	30	13	2	15	7	36	2	7	2	3	23	10	1	0	2	0	2	2	2	0	0	2	3	3	0	1	0	1	0	7	2	1	174	4	3	4	3	3	0	4	4	11	0	3	1	0	2	0	0	0	4	1	0	1	8	0	9	0	0	2	0	0	0	0	4	21	0	19	0	2	1	0	4	4
gene_1443318	10	3	3	0	1	0	0	2	3	0	24	4	11	7	6	1	6	23	3	5	5	41	14	28	2	12	1	0	13	39	0	1	2	5	4	2	11	0	1	2	4	5	2	1	0	4	0	12	0	1	18	4	0	1	6	3	2	4	7	1	0	0	7	1	1	0	0	1	4	0	0	0	2	2	10	2	0	1	0	0	1	0	3	52	1	14	0	2	1	4	9	2
gene_1454	0	0	0	0	0	0	0	0	0	0	0	0	0	0	0	0	0	0	0	0	0	0	0	0	0	0	0	0	0	0	0	0	0	0	0	0	0	0	0	0	0	0	0	0	0	0	0	0	0	0	0	0	0	0	0	0	0	0	0	0	1038	628	1106	825	756	718	978	1163	1385	196	153	2363	410	333	2451	716	517	904	2162	912	624	1068	559	647	329	575	480	585	29	406	689	1044
gene_1462485	120	72	9	43	43	27	11	47	14	3	334	97	21	116	84	130	48	49	17	68	26	75	66	114	65	101	50	4	30	292	35	26	44	29	22	44	24	25	21	51	121	66	34	24	93	48	70	110	58	31	126	41	28	203	47	69	35	55	50	143	17	13	16	20	8	19	16	15	12	33	15	59	23	36	99	24	24	32	58	58	34	38	86	51	35	45	11	25	62	44	39	60
gene_1462486	81	41	5	16	26	20	5	18	4	5	262	73	27	61	53	54	36	26	16	40	18	37	40	60	27	62	36	3	14	166	21	19	37	11	18	21	14	12	7	33	62	36	24	15	46	30	47	39	41	14	77	21	18	111	38	49	19	36	25	74	6	6	14	8	3	7	13	18	3	22	10	41	14	13	55	17	16	14	38	34	12	18	43	28	17	23	11	18	39	14	19	38
gene_148063	0	0	0	0	0	0	0	0	0	2	0	0	0	0	0	0	0	0	0	0	0	0	0	0	0	0	0	0	0	0	0	0	2	0	0	5	0	1	1	0	0	0	0	0	0	0	0	0	0	0	0	0	0	0	0	0	0	0	0	0	0	3	4	3	2	1	5	0	1	0	2	8	1	1	15	22	0	5	15	20	34	5	0	0	0	1	7	1	0	11	1	0
gene_1491013	0	1	0	0	0	0	0	0	0	0	0	0	0	0	1	0	2	1	0	7	0	1	4	0	0	0	0	0	0	0	0	1	1	0	0	0	2	0	0	0	1	0	0	2	5	1	1	0	4	0	0	3	0	2	2	1	3	3	4	2	1	0	0	0	0	0	0	1	1	0	0	0	0	0	3	0	0	2	3	0	0	0	1	0	2	3	0	1	0	6	5	8
gene_1494688	44	2	3	3	5	2	1	13	6	5	4	2	0	1	1	0	5	5	0	4	0	3	5	2	0	1	0	1	0	3	5	11	5	12	5	1	2	2	1	8	1	3	0	1	6	7	7	4	3	3	1	6	3	3	6	3	2	2	19	5	30	11	5	14	48	6	27	80	28	38	13	86	2	30	57	36	27	33	72	22	31	37	15	7	9	15	1	23	25	3	40	8
gene_1511740	0	0	0	0	0	0	0	0	0	0	0	0	0	0	0	0	0	0	0	0	0	0	0	0	0	0	0	0	0	0	0	0	0	0	1	0	0	0	0	1	0	13	0	0	0	0	0	0	0	2	0	0	0	0	0	0	0	0	0	0	0	2	6	0	0	0	0	1	3	8	0	4	4	0	36	0	6	3	6	3	1	2	37	0	0	42	0	10	3	3	5	3
gene_1522048	3	1	0	0	2	0	0	0	0	1	0	0	2	0	0	0	0	0	0	2	0	0	0	0	0	0	0	0	0	0	0	0	0	0	4	0	0	0	6	0	0	0	0	0	0	0	0	0	0	0	2	4	0	1	0	0	6	0	3	0	0	1	0	2	0	8	1	63	0	0	0	1	1	0	3	0	0	0	0	1	0	0	0	0	0	0	0	1	0	0	0	0
gene_1523354	60	12	17	0	24	5	0	55	3	23	31	32	44	8	19	6	8	66	22	18	12	37	6	64	4	13	12	0	41	54	0	0	0	0	0	0	1	0	0	0	0	0	0	0	0	1	0	0	0	0	46	0	0	0	3	2	0	3	0	1	1	0	1	0	0	0	0	0	1	0	0	0	0	0	0	1	0	0	0	0	0	0	2	7	2	7	0	2	1	1	2	0
gene_1524011	158	45	23	2	59	15	2	114	4	49	90	72	82	12	56	6	27	148	76	57	15	138	36	112	10	42	27	1	89	97	1	3	6	8	4	1	9	0	0	2	3	6	4	3	1	13	4	5	2	1	178	5	0	4	15	8	0	4	4	8	0	0	1	0	2	1	0	4	4	1	0	3	5	0	18	1	2	0	0	0	0	0	16	63	4	48	0	5	3	1	11	7
gene_1524716	0	0	0	0	0	0	0	0	0	0	0	0	0	0	0	0	0	0	0	0	0	0	0	0	0	0	0	0	0	0	0	0	0	0	0	27	3	2	8	1	0	1	5	6	17	0	0	0	0	0	0	0	0	0	0	0	0	0	0	0	0	2	0	33	1	4	23	0	0	31	18	16	26	0	26	1	6	2	5	14	33	7	135	42	8	27	9	43	10	25	66	51
gene_1561125	4	0	1	0	0	0	0	13	0	1	3	0	2	0	1	0	0	0	0	3	0	1	0	0	0	0	0	0	0	1	0	0	0	0	0	0	0	0	0	0	0	3	0	0	0	1	0	0	0	3	2	0	0	0	1	0	0	2	0	0	8	0	3	0	5	0	5	6	0	0	0	1	1	0	7	0	5	3	0	1	0	0	0	0	2	0	0	1	0	0	4	1
gene_1570339	16	8	1	2	17	0	0	6	0	6	7	2	70	0	9	2	8	25	22	5	8	7	1	34	1	4	0	0	14	6	0	0	1	0	0	2	2	0	0	3	2	5	3	2	0	7	1	9	0	9	134	4	2	0	3	1	0	3	0	17	1	0	1	0	0	0	0	1	2	0	0	0	0	0	3	0	1	0	1	0	1	1	5	14	1	8	0	1	5	0	7	1
gene_1570936	3	2	1	0	2	0	0	3	0	0	0	0	2	2	1	0	0	2	0	1	2	15	0	2	1	0	2	0	4	2	0	0	0	0	0	0	1	0	0	0	0	0	0	0	0	0	0	1	0	0	0	0	0	0	0	0	0	0	0	1	0	0	0	0	0	0	0	0	0	0	0	0	0	0	0	0	0	0	0	0	0	0	0	0	0	1	0	1	0	0	2	0
gene_1571588	0	0	0	0	0	0	0	0	0	0	0	0	0	0	0	0	0	0	0	0	0	0	0	0	0	0	0	0	0	0	0	0	0	0	0	0	0	0	0	0	0	0	0	0	0	0	0	0	0	0	0	0	0	0	0	0	0	0	0	0	2	10	0	11	0	3	3	2	3	0	0	0	1	0	6	3	0	3	2	0	0	0	0	0	0	0	0	0	0	1	0	0
gene_1577145	3	3	0	0	1	1	6	0	5	0	0	3	1	0	2	2	1	2	0	8	5	3	2	0	0	4	7	0	0	0	0	0	1	0	0	0	0	0	0	3	0	0	1	0	4	0	0	0	1	1	2	2	0	1	1	3	0	4	0	0	0	1	0	0	0	1	0	0	0	3	0	2	6	0	8	4	1	1	1	0	0	0	0	4	0	2	0	1	2	0	2	2
gene_1586325	1	0	0	0	0	0	0	0	0	0	0	0	0	0	1	0	0	0	1	0	0	0	1	0	0	0	0	0	0	0	0	0	0	0	0	0	1	0	0	0	0	0	0	0	0	0	0	0	0	0	2	0	0	0	0	0	0	0	0	0	0	0	0	0	0	0	0	0	0	0	0	0	0	0	0	0	0	0	0	0	0	0	2	4	0	0	0	0	0	0	0	0
gene_1605968	1	0	0	0	11	0	0	0	8	1	0	0	0	0	3	1	4	1	3	0	2	1	9	3	2	10	4	0	1	0	3	3	2	5	22	2	15	6	7	7	2	2	2	15	10	3	7	1	5	0	3	21	1	4	4	15	6	2	6	2	2	3	3	1	4	2	0	2	2	5	0	9	3	2	5	1	4	5	2	4	5	8	6	1	6	1	2	2	1	2	11	6
gene_160753	0	3	0	0	0	0	0	0	0	0	0	0	0	0	0	0	0	2	0	5	0	7	0	0	0	0	10	0	0	2	1	0	10	3	2	0	0	8	1	1	2	0	1	5	4	0	0	0	1	0	0	0	0	16	0	8	1	7	53	0	0	0	0	0	0	0	0	0	0	0	0	0	0	0	0	0	0	1	0	0	1	0	0	1	0	1	0	0	0	0	0	2
gene_1634341	1	48	54	0	2	3	29	29	22	7	86	46	6	50	0	216	2	14	71	9	9	36	28	8	8	5	2	0	53	0	20	16	30	27	25	53	39	14	13	8	8	29	6	19	7	7	4	12	11	16	1	17	4	65	9	4	2	65	13	24	17	4	10	8	11	6	0	34	3	6	4	22	3	14	32	5	18	8	7	14	1	9	4	3	7	31	1	10	23	3	2	12
gene_1640236	40	30	5	10	10	33	16	4	4	30	3	3	1	6	25	13	16	4	11	5	12	26	11	14	6	40	39	0	15	8	5	17	39	0	2	9	17	1	9	2	8	11	11	19	14	13	18	30	5	0	35	3	1	2	9	6	8	16	8	14	2	2	0	5	3	6	7	5	0	6	2	5	5	4	13	0	1	0	12	3	5	1	4	8	1	7	5	2	2	4	0	8
gene_1645641	67	20	9	0	34	3	1	60	5	36	55	37	63	6	30	8	25	97	43	27	8	42	17	70	7	14	1	1	34	42	0	3	5	0	1	0	5	0	1	3	3	9	3	2	0	7	1	11	0	3	97	2	3	2	3	1	0	5	3	10	2	0	5	1	1	2	3	0	5	0	0	1	1	0	9	0	0	1	0	0	0	0	6	53	1	20	0	2	9	0	5	0
gene_1649125	0	0	0	0	0	0	0	0	2	0	0	0	0	0	0	0	0	0	0	0	0	0	0	0	0	0	0	0	0	0	4	8	2	2	1	4	0	0	1	1	0	0	0	0	0	0	0	0	2	0	2	2	0	2	2	0	2	1	2	0	0	0	1	1	0	0	1	0	0	1	1	3	2	0	1	0	0	0	2	1	1	1	0	0	1	0	0	0	1	4	0	0
gene_1666818	9	2	0	0	0	6	1	0	7	2	0	0	0	0	0	0	0	1	0	1	0	0	0	1	0	6	0	0	0	0	0	0	1	0	4	2	0	0	5	1	0	1	0	0	2	0	0	0	2	0	0	0	1	0	0	0	0	0	0	0	6	0	2	0	2	2	1	3	0	0	0	0	0	0	1	0	0	0	2	5	0	1	3	3	2	1	0	4	3	0	1	12
gene_1680959	0	0	0	0	0	0	0	0	0	0	0	0	0	0	0	0	0	0	0	0	0	0	0	0	0	0	0	0	0	0	0	0	0	0	0	0	0	0	0	0	0	0	0	0	0	0	0	0	0	0	0	0	0	0	0	0	0	0	0	0	0	0	0	0	0	0	0	0	0	0	0	0	0	0	0	0	0	0	0	0	0	0	0	0	0	0	0	0	0	0	0	0
gene_1680960	103	33	11	4	30	7	0	69	2	35	63	34	51	11	23	2	17	72	28	26	14	56	17	56	8	35	8	2	44	32	0	0	1	3	2	3	6	0	1	0	4	3	3	0	0	6	1	8	1	1	75	4	3	5	5	2	1	3	2	4	0	0	3	0	1	1	0	2	4	2	1	1	8	0	10	0	1	0	3	0	0	0	8	42	1	23	0	4	0	0	1	3
gene_1695132	69	20	13	4	23	2	0	64	0	30	57	32	50	6	37	4	14	107	39	23	17	64	14	78	6	21	1	1	43	54	1	0	2	0	2	6	7	0	0	1	2	5	0	0	1	3	0	12	4	0	108	4	2	7	3	1	1	7	4	7	0	0	5	3	0	3	0	1	5	1	0	0	2	0	2	1	0	3	1	0	0	0	9	30	1	12	0	7	3	0	9	1
gene_1717034	12	0	0	0	0	0	0	0	0	0	3	2	0	0	0	0	1	2	0	3	0	1	0	2	0	4	0	0	0	1	0	0	0	0	0	0	0	0	0	0	0	2	0	0	0	0	0	0	0	0	4	1	0	0	0	0	2	0	0	2	0	0	0	0	0	0	0	0	0	0	0	0	0	0	0	0	0	0	0	0	0	1	7	17	0	1	0	0	2	0	0	0
gene_1725696	608	177	100	6	159	32	2	396	17	210	295	219	188	32	184	18	76	389	148	130	78	336	83	383	22	163	45	10	255	265	3	2	2	5	9	1	12	1	1	5	9	9	5	0	1	35	9	34	2	7	347	13	10	10	13	16	10	13	12	27	7	1	14	2	1	4	2	7	7	6	0	4	12	4	38	2	3	2	1	3	1	1	41	124	5	68	6	10	6	13	14	13
gene_1725697	5	1	3	0	0	0	0	5	0	4	2	1	0	0	1	0	0	3	0	1	1	5	0	0	1	1	1	0	1	0	0	0	0	0	0	0	0	0	0	0	0	0	0	0	0	0	0	0	0	0	2	0	0	0	0	1	0	0	1	0	0	0	3	0	0	0	0	0	0	0	0	0	0	0	0	0	0	0	1	0	0	0	0	0	0	0	0	0	0	0	0	0
gene_1749191	0	0	0	0	0	0	0	0	0	0	0	0	0	0	0	0	0	0	0	0	0	0	0	0	0	0	0	0	0	0	0	0	0	0	0	0	0	0	0	0	0	0	0	0	0	0	0	0	0	0	0	0	0	0	0	0	0	0	0	0	3	0	0	0	0	0	0	48	0	0	0	0	0	0	0	0	0	0	0	0	0	0	0	0	0	0	0	0	0	0	0	0
gene_1751137	0	0	0	0	0	0	0	0	0	0	0	0	0	0	0	0	0	0	0	0	0	0	0	0	0	1	0	0	0	0	0	6	0	3	0	6	0	0	1	0	0	0	0	0	0	0	0	0	0	0	0	0	0	0	0	0	0	0	0	0	2	6	2	3	6	0	5	0	5	0	0	0	0	0	0	0	0	0	0	0	0	0	0	0	0	0	0	0	0	0	0	0
gene_1765929	10	1	0	0	0	0	0	1	0	0	0	0	0	0	0	0	0	7	0	0	0	0	0	0	0	0	0	0	0	0	0	0	2	0	1	0	1	3	1	0	0	0	0	2	2	0	1	1	0	0	1	2	0	0	3	0	4	2	9	0	0	0	0	0	0	0	0	0	1	0	0	0	0	0	4	0	0	1	0	0	0	0	0	1	0	1	0	1	0	0	1	0
gene_1765930	12	0	0	0	0	0	0	0	0	0	0	0	0	0	0	0	0	0	0	0	0	0	1	0	0	0	0	0	0	0	0	0	3	0	0	0	2	2	0	0	1	0	0	0	2	1	0	1	0	0	0	0	0	3	5	0	2	5	3	0	0	0	0	1	0	0	0	0	0	0	0	0	0	0	0	0	0	0	0	1	0	0	0	0	0	0	0	0	0	2	0	1
gene_1769825	0	0	0	0	0	0	0	0	0	0	0	0	0	0	0	0	0	0	0	0	0	0	0	0	0	0	0	0	0	0	0	0	0	0	0	0	0	0	0	0	0	0	0	0	0	0	0	0	0	0	0	0	0	0	0	0	0	0	0	0	0	0	0	0	0	0	0	0	0	0	0	0	0	0	0	0	0	0	0	0	0	0	4	3	0	0	4	0	19	7	1	0
gene_1776095	0	0	0	0	0	0	0	0	0	0	0	0	0	0	0	0	0	0	0	0	0	0	0	0	0	0	0	0	0	0	0	0	2	3	0	4	0	0	8	0	0	0	0	0	0	0	0	0	2	0	1	5	0	3	2	0	2	9	23	4	0	5	0	19	5	0	8	0	1	72	0	11	13	18	4	14	0	0	0	5	20	0	0	3	2	5	0	25	3	5	5	20
gene_1790590	0	0	0	0	0	0	9	0	1	1	0	1	0	0	0	0	0	0	0	0	0	0	0	0	0	0	0	0	0	0	0	0	1	17	0	41	4	47	11	6	71	2	0	16	6	11	1	3	3	1	0	0	0	0	0	0	4	0	0	0	1	4	52	1	8	3	5	0	0	0	0	11	6	2	12	0	0	5	7	1	0	1	16	28	16	37	28	15	113	5	24	8
gene_1805973	49	3	2	0	4	1	3	19	2	13	51	21	18	4	10	0	10	52	18	20	6	51	13	48	2	15	0	0	33	38	1	3	4	2	11	4	14	0	3	2	8	6	3	5	0	14	4	24	1	1	193	8	3	0	12	2	6	8	6	3	5	0	10	6	5	4	0	4	19	1	1	3	15	3	31	1	1	5	1	0	3	2	24	141	4	51	2	8	4	4	9	8
gene_1811014	421	215	312	82	108	250	309	369	417	171	116	164	32	465	168	261	185	98	49	178	191	142	359	163	516	426	260	0	200	317	592	318	382	320	297	346	200	372	341	377	364	332	290	401	530	419	381	379	305	212	99	215	153	433	270	316	201	281	278	236	274	383	282	388	384	337	305	303	351	286	70	404	240	151	655	234	204	263	377	407	115	391	334	253	163	423	82	218	288	280	228	351
gene_1818592	0	1	0	0	4	0	0	2	0	0	0	0	0	0	0	0	0	0	0	0	0	0	0	44	0	0	0	0	0	1	0	0	0	0	0	0	0	0	0	0	0	1	0	0	0	0	0	0	0	0	1	0	0	0	0	0	0	0	0	0	0	0	0	0	0	0	0	0	0	0	0	0	0	0	0	0	0	0	0	0	0	0	0	0	0	1	0	0	0	0	0	0
gene_18221	1	6	0	0	0	73	2	0	1	1	0	0	0	0	0	0	0	0	0	2	0	0	0	0	0	1	0	0	1	0	0	262	75	0	85	1	0	42	281	117	0	0	0	0	0	0	0	0	17	0	0	0	0	0	0	0	0	0	0	0	262	479	599	206	836	103	372	214	392	67	25	495	131	221	1173	66	314	147	547	221	4	34	1	0	0	1	1	169	1	49	1	247
gene_1828188	18	17	17	17	5	1	5	5	12	8	0	2	2	0	18	0	2	5	0	27	1	0	0	2	4	2	0	0	5	0	85	71	5	6	7	41	57	10	3	15	9	35	11	2	25	34	27	2	23	0	22	14	0	83	0	0	5	12	0	5	3	3	2	0	0	4	2	10	1	0	1	1	0	1	2	0	0	1	2	0	1	6	0	0	1	2	1	1	8	0	1	0
gene_1837225	77	13	14	0	19	5	0	53	0	29	56	25	11	9	19	2	9	63	20	14	6	50	13	36	4	25	7	2	20	34	0	0	0	0	0	0	0	0	0	0	0	1	0	0	0	0	0	0	0	0	27	0	0	1	0	0	0	0	2	0	1	0	1	0	0	1	0	0	1	0	0	0	1	0	0	0	1	0	0	0	0	0	0	1	0	1	0	1	0	0	0	0
gene_1846558	1	2	0	0	0	0	0	0	0	0	0	0	0	0	0	0	0	0	0	0	0	0	0	0	0	0	0	0	0	0	7	0	0	1	6	0	2	1	2	0	0	0	0	0	0	0	0	0	0	0	0	0	0	0	0	0	0	0	0	0	12	2	39	34	24	13	20	0	7	0	0	0	0	0	0	0	0	0	0	0	0	0	0	0	0	1	0	0	0	0	0	0
gene_1860349	5	0	0	0	0	0	0	0	0	0	0	0	0	0	0	0	0	0	0	0	0	0	0	0	0	0	1	0	1	0	13	52	180	33	39	74	24	17	18	37	8	0	0	0	0	1	0	9	16	0	0	0	0	0	0	0	1	0	0	0	0	1	17	43	5	16	28	0	39	20	0	5	6	40	0	1	0	0	5	0	16	9	6	55	4	82	7	10	15	76	39	107
gene_1863706	0	0	0	0	0	0	0	0	0	0	1	0	0	0	0	0	0	0	0	0	0	0	0	0	0	0	0	0	0	0	0	0	0	0	0	0	0	0	0	0	0	0	0	0	0	0	0	0	0	0	0	0	0	0	0	0	0	0	0	0	0	0	0	0	0	0	0	0	0	0	0	0	3	1	2	1	1	0	2	1	0	1	1	2	7	5	0	0	0	0	3	0
gene_1882251	0	0	0	0	0	0	0	0	0	0	0	0	0	0	0	1	0	1	0	0	0	0	2	0	0	0	0	0	0	0	0	0	0	0	0	0	3	0	0	0	1	0	1	0	1	0	0	0	4	0	0	0	0	0	4	0	0	0	4	0	32	0	15	1	6	0	21	60	67	0	1	3	0	0	0	0	183	30	0	0	0	53	0	0	0	0	0	0	0	0	0	0
gene_188588	0	0	0	0	0	0	0	0	1	0	0	0	0	0	0	0	0	0	0	0	0	0	0	0	0	0	0	0	0	0	0	0	0	0	11	0	0	0	0	0	0	0	0	0	0	0	0	0	0	0	0	0	0	0	0	0	0	0	0	0	81	8	31	13	10	47	15	110	60	0	0	8	1	0	3	0	3	2	4	2	1	0	0	0	1	0	0	0	2	2	0	3
gene_1890572	0	0	0	0	2	0	0	0	0	1	0	0	0	0	0	0	0	0	0	0	0	0	0	0	0	6	0	0	0	0	0	0	0	0	1	0	0	0	0	0	0	0	0	0	0	0	0	0	0	0	0	0	0	0	0	0	0	0	0	0	4	4	0	0	1	0	1	33	5	0	0	0	0	0	0	0	0	0	0	0	0	0	0	0	0	0	0	0	0	0	0	0
gene_1891311	29	3	0	0	5	9	7	9	0	1	3	1	0	20	7	4	1	2	0	9	0	5	35	0	5	34	4	0	0	19	5	43	13	9	5	9	12	5	4	5	16	4	21	28	49	35	20	10	16	13	8	13	7	28	25	39	9	3	1	10	7	1	4	6	15	3	2	7	6	2	0	2	9	2	8	4	2	7	3	2	12	2	9	6	0	1	0	0	12	4	3	12
gene_192019	2	0	4	0	0	0	0	0	0	0	0	0	2	0	0	0	0	0	0	0	0	0	0	0	0	0	0	0	0	0	1	0	2	0	2	1	2	0	0	0	0	0	0	0	0	3	2	0	1	0	0	1	0	10	0	0	0	2	5	1	5	3	4	4	1	1	0	7	5	0	0	4	1	2	1	0	0	0	1	0	5	1	0	2	1	2	0	0	0	0	0	1
gene_1931344	1	2	0	1	0	1	1	0	2	0	0	0	0	0	0	0	0	0	0	0	0	0	0	0	0	0	0	0	0	0	1	1	0	0	3	1	0	2	3	1	2	2	0	0	1	1	2	0	0	0	0	1	0	2	1	0	1	3	0	2	0	1	0	1	0	0	0	1	0	0	0	0	0	0	1	0	2	2	0	1	0	0	0	4	2	0	2	0	0	0	0	0
gene_1931969	1	0	0	0	0	2	0	0	0	0	0	0	0	0	0	0	0	0	0	0	0	0	0	0	0	0	0	0	0	0	4	11	1	0	1	5	0	1	0	10	0	6	0	0	0	0	0	0	0	0	0	0	0	0	0	0	0	0	0	0	0	1	0	0	0	1	0	0	0	0	0	0	1	0	0	0	0	1	0	0	25	0	10	0	0	0	0	0	10	0	0	0
gene_1946317	11	13	0	0	4	0	0	0	0	0	0	0	0	10	0	0	0	1	0	14	0	0	0	2	0	0	31	0	0	0	0	9	0	2	0	0	27	2	0	0	35	0	8	4	10	11	7	17	28	0	0	0	1	0	0	0	0	0	0	0	0	4	2	0	0	0	0	0	0	3	0	1	22	24	3	2	0	0	0	17	8	0	69	67	5	65	77	57	11	8	22	66
gene_1962685	0	0	0	0	0	0	0	0	0	0	0	0	0	2	0	1	1	0	0	0	0	0	0	0	0	1	0	0	0	1	0	0	0	2	0	0	0	0	0	0	0	0	0	0	0	0	0	0	0	0	33	0	0	0	0	0	0	0	0	2	0	0	0	0	0	0	0	0	0	0	0	0	0	0	1	0	0	0	0	0	2	0	1	5	0	2	0	0	0	0	1	0
gene_1983811	505	113	54	9	153	24	7	354	16	179	289	210	208	32	122	16	91	410	149	122	65	276	68	308	29	137	55	5	286	277	2	4	9	7	3	3	8	0	0	5	4	18	6	1	1	39	5	32	1	4	357	12	11	10	12	12	1	20	6	23	4	2	15	3	7	2	1	9	17	2	0	5	18	2	31	3	3	5	0	0	1	0	38	133	9	90	2	21	17	5	25	10
gene_1983812	2	0	0	0	0	0	0	0	0	3	0	0	0	0	0	0	0	0	0	0	0	2	0	1	0	1	0	0	0	2	0	0	0	0	0	0	0	0	0	0	0	0	0	0	0	0	0	0	0	0	0	0	0	0	0	0	0	0	0	0	0	0	0	0	0	0	0	0	0	0	0	0	0	0	2	0	0	1	0	0	0	0	1	1	0	0	0	1	0	0	0	0
gene_1993875	19	15	3	0	9	1	0	18	1	11	11	4	23	3	7	2	2	17	8	7	2	24	5	22	0	9	4	0	9	11	0	0	0	0	0	0	0	0	0	0	0	2	0	0	0	2	0	4	0	1	21	0	1	1	2	1	0	1	1	4	0	0	0	1	0	0	0	2	0	0	0	1	2	0	0	0	1	0	0	0	0	0	4	7	0	5	0	1	2	2	2	0
gene_1997733	0	0	0	0	0	0	0	0	1	2	0	0	0	0	0	0	0	0	0	0	0	0	0	0	0	4	1	0	0	0	1	2	0	0	1	0	0	1	0	0	0	1	0	0	0	0	1	0	0	0	0	0	2	0	0	1	1	0	0	4	1	0	1	1	1	1	2	2	0	2	0	1	0	0	3	2	0	0	1	1	0	0	0	0	0	1	0	2	7	0	3	0
gene_1997735	0	1	0	0	0	2	0	0	0	1	0	0	0	0	0	0	1	0	0	3	0	1	0	0	0	6	0	0	1	0	1	0	2	4	0	3	0	1	0	2	0	0	0	0	0	0	2	0	0	0	0	0	0	1	2	1	0	0	1	1	0	0	1	1	0	0	1	3	2	2	0	8	0	0	2	0	3	1	1	3	0	0	1	1	0	1	2	1	5	0	1	1
gene_2027443	0	0	0	0	0	0	0	0	0	0	0	0	0	0	0	0	0	0	0	0	0	0	0	0	0	0	0	0	0	0	0	0	0	0	0	0	0	0	0	0	0	0	0	0	0	0	0	0	0	0	0	0	0	0	0	0	0	0	0	0	1	6	2	10	1	12	1	2	9	2	0	0	1	0	0	0	0	0	1	0	0	0	1	0	0	0	0	0	0	3	0	1
gene_2031301	1050	577	578	259	200	784	446	522	675	594	623	194	281	696	789	843	849	358	125	438	858	891	558	366	534	875	716	6	402	242	580	854	613	484	559	597	647	484	497	801	986	719	543	501	1043	546	993	1062	673	319	376	936	723	995	610	515	714	823	740	835	634	903	807	603	617	527	356	712	517	354	117	865	422	314	1108	265	438	833	660	732	511	572	764	399	345	681	215	309	618	764	572	517
gene_2031316	39	36	10	8	13	8	27	11	13	14	9	5	6	2	13	5	13	17	0	5	1	9	1	1	1	3	3	0	2	2	8	3	27	14	35	40	22	21	26	21	13	35	0	16	5	1	8	7	8	9	11	8	12	5	10	2	6	7	16	4	13	4	36	5	20	33	1	4	23	0	5	25	15	10	11	11	2	8	3	8	5	16	13	15	5	13	0	10	17	2	2	1
gene_2034046	0	0	0	0	0	0	0	0	0	0	0	0	0	0	0	0	0	0	0	0	0	0	0	0	0	0	0	0	0	0	0	0	0	0	0	0	0	0	0	0	0	0	0	0	0	0	0	0	0	0	0	0	0	0	0	0	0	0	0	0	50	0	0	0	9	1	12	2	6	0	0	0	0	0	0	0	0	6	0	0	0	0	0	0	0	0	0	0	0	0	0	0
gene_2039337	5	1	0	0	2	0	0	6	1	3	0	1	2	0	1	0	1	1	1	0	0	15	1	4	3	2	0	0	5	2	0	0	0	0	0	0	0	0	0	0	0	2	0	0	0	0	0	0	0	0	2	0	0	0	0	0	0	0	1	0	0	0	0	0	0	0	0	0	0	0	0	0	0	0	2	0	0	0	0	0	0	0	0	0	0	0	0	0	0	0	3	0
gene_2057334	6	0	0	0	1	0	0	1	0	0	1	0	3	0	0	0	0	0	0	0	0	1	0	0	0	0	0	0	1	0	0	0	0	0	0	0	0	0	0	0	0	0	0	0	0	0	0	0	1	0	51	0	0	0	0	3	0	1	0	0	0	0	0	0	0	0	0	0	0	0	0	0	1	0	0	0	0	0	0	0	0	0	1	0	0	0	0	1	0	0	0	0
gene_2057335	552	143	65	5	121	27	6	303	20	147	255	162	180	30	154	12	72	317	158	123	72	260	57	267	27	133	49	5	215	183	3	11	3	2	4	7	10	0	0	6	7	12	4	1	1	30	4	26	0	4	349	14	5	3	18	11	10	17	12	26	5	5	14	3	2	5	0	4	12	4	0	4	14	2	28	2	6	6	2	1	1	0	48	139	9	91	3	15	16	4	16	9
gene_2085758	10	1	7	4	9	24	10	10	27	4	23	11	1	19	4	61	27	2	13	5	2	16	10	2	1	8	11	0	18	0	11	17	16	13	8	8	10	8	6	11	17	2	1	5	11	11	2	16	1	9	3	8	4	13	11	5	5	15	2	9	2	1	1	5	5	0	0	8	1	1	0	4	2	3	12	0	5	1	0	8	0	8	5	2	1	9	0	3	3	0	3	5
gene_2091850	34	74	1	2	1	15	9	81	0	61	69	19	123	123	28	2	27	41	334	24	395	368	232	48	17	186	2	0	566	0	41	22	23	51	5	27	9	36	19	46	76	0	6	13	50	4	110	14	72	0	1	58	2	0	27	1	28	148	21	8	1	0	6	2	22	2	2	3	0	12	7	6	6	44	8	8	2	0	3	6	38	0	20	31	8	65	12	14	42	0	29	23
gene_209683	0	0	0	0	0	0	0	0	5	2	0	0	0	0	1	0	0	0	0	2	0	3	0	1	0	4	1	0	0	3	0	0	0	0	4	0	0	0	0	1	0	346	0	0	0	0	0	0	0	9	0	0	0	0	0	0	0	0	0	0	620	18	94	1	299	1	1	359	90	2	1	291	28	3	1	22	3	166	144	0	2	252	0	0	10	17	2	24	25	1	0	59
gene_2126158	41	9	12	0	21	0	0	31	1	19	27	23	27	4	11	2	6	44	20	10	4	30	3	40	4	8	5	1	15	26	1	2	1	1	0	0	2	0	0	0	1	1	1	0	1	2	1	3	0	0	56	2	1	0	6	0	5	0	1	5	1	0	0	1	1	0	1	0	0	0	0	1	3	1	4	0	0	0	0	1	0	0	5	19	0	13	0	3	1	3	6	5
gene_2128430	0	3	19	0	3	0	0	0	7	0	0	0	0	0	1	0	0	1	0	0	0	1	0	0	0	26	18	0	0	0	0	0	0	0	0	0	0	0	0	0	0	22	0	0	0	0	0	0	0	0	0	0	0	0	0	2	1	0	0	0	1	3	0	1	2	0	0	2	0	2	0	0	0	0	0	0	1	1	1	1	0	7	0	0	0	0	0	0	0	0	0	0
gene_2154214	111	36	21	2	46	14	2	92	3	47	74	66	34	14	30	2	18	105	33	27	18	63	10	91	2	40	8	1	44	59	0	0	0	0	0	0	2	0	0	2	0	2	0	0	0	1	0	0	0	0	31	2	1	0	1	0	0	1	1	1	0	0	1	0	0	0	0	0	0	0	0	0	0	0	0	0	0	0	0	0	0	0	0	3	0	3	0	0	0	0	1	0
gene_2154216	3	0	0	0	1	0	0	0	0	0	3	1	1	1	0	0	6	2	0	0	2	7	0	3	0	0	0	0	1	1	0	0	0	0	0	0	4	0	0	0	0	0	0	1	0	0	0	2	0	0	3	0	0	2	0	0	0	2	1	0	0	0	1	0	0	1	0	0	0	0	0	0	1	0	4	0	0	0	0	0	1	0	3	21	0	4	0	1	1	1	3	3
gene_2154911	0	0	0	0	0	0	0	0	0	0	0	0	0	0	0	0	0	0	0	0	0	0	0	0	0	0	0	0	0	0	0	0	0	0	0	0	0	0	0	0	0	0	0	0	0	0	0	0	0	0	0	0	0	0	0	0	0	0	0	0	0	13	3	18	0	2	1	0	0	6	0	3	11	2	5	2	12	2	0	3	2	0	0	0	0	0	0	0	0	0	0	0
gene_2162319	10	4	2	0	5	0	0	4	0	3	0	2	19	1	1	0	4	6	10	5	0	4	0	7	0	1	1	0	3	3	0	0	0	0	1	0	0	0	0	0	0	1	0	0	0	0	0	0	0	0	2	0	0	0	5	1	0	2	0	0	1	0	0	0	0	0	0	0	1	0	0	0	0	0	2	0	3	1	0	0	0	0	1	1	1	1	0	0	0	0	0	0
gene_2190698	0	3	5	0	1	1	3	1	14	4	4	0	0	3	3	5	21	12	0	4	0	19	19	3	8	34	24	0	14	3	3	73	5	0	0	1	1	5	74	0	1	1	1	2	4	1	3	1	8	0	1	0	9	9	0	5	1	2	0	1	2	4	149	5	0	1	7	1	0	30	0	3	0	0	7	0	0	1	1	2	3	15	25	13	7	23	6	15	15	5	8	8
gene_2196235	1	0	0	0	0	0	0	2	0	0	0	0	1	0	0	0	0	0	0	0	0	3	0	0	0	0	0	0	0	0	0	0	0	0	0	0	0	0	0	0	0	0	0	0	0	0	0	0	0	0	1	0	0	0	0	0	0	0	0	0	0	0	0	0	0	0	0	0	0	0	0	0	0	0	0	0	0	0	0	0	0	0	0	0	0	0	0	0	0	0	1	0
gene_2200035	99	37	14	0	35	8	2	69	2	48	66	42	56	10	31	6	14	103	36	35	12	71	24	63	2	35	8	1	72	74	0	0	0	1	3	0	1	0	0	2	4	4	4	4	0	10	1	7	1	3	101	7	2	3	10	1	4	3	2	6	1	0	1	1	0	0	0	2	4	3	0	0	1	0	8	1	2	2	0	0	1	0	5	40	0	21	3	1	6	6	8	2
gene_2200036	78	24	10	1	30	5	0	64	4	20	51	31	20	4	23	4	15	54	23	16	16	40	7	46	5	24	6	0	32	35	0	4	0	0	0	1	1	0	1	1	0	0	0	0	0	2	1	2	0	0	32	2	0	0	0	0	0	3	0	1	1	0	0	0	0	0	1	0	3	0	0	0	0	0	4	0	0	0	0	0	0	0	1	10	2	5	0	4	4	0	6	3
gene_2224541	13	6	4	2	7	0	2	2	1	3	7	3	21	2	9	1	0	21	9	8	1	12	3	10	0	7	4	2	10	3	0	1	0	0	1	0	6	1	0	0	0	0	0	1	0	0	0	5	1	0	17	3	0	0	2	0	0	1	2	0	0	0	0	1	0	0	1	0	1	0	0	0	0	0	6	0	1	5	1	1	1	2	3	12	2	16	1	0	4	1	4	0
gene_2224542	214	61	51	2	70	14	3	160	9	68	130	70	81	21	75	8	35	171	54	51	39	124	30	134	14	73	22	4	92	101	0	2	3	2	4	2	13	0	1	1	5	2	1	0	1	12	1	11	8	3	177	5	9	5	13	4	1	10	8	15	1	0	7	3	0	1	0	2	7	2	1	4	4	0	14	0	1	3	1	1	0	4	15	75	0	37	6	10	6	1	11	2
gene_2224543	3	0	0	0	0	0	0	0	1	0	0	0	1	0	1	0	0	0	0	0	0	0	0	0	0	1	0	0	0	0	0	0	0	2	0	0	0	0	0	0	0	3	0	0	0	0	0	0	0	0	2	0	0	0	5	0	0	0	0	0	0	0	0	0	1	0	0	0	1	0	0	0	0	0	0	0	0	0	0	0	0	0	2	3	0	3	0	0	0	2	0	0
gene_2234271	120	23	2	0	0	2	1	9	2	0	1	1	6	1	12	0	7	27	0	31	1	7	10	0	1	3	4	0	3	0	21	15	20	27	17	6	40	18	26	19	6	14	2	10	49	2	14	21	14	6	3	13	3	20	47	17	89	42	35	5	4	7	2	11	15	1	0	19	17	15	0	9	1	2	23	10	4	15	8	5	15	6	5	3	1	3	4	5	3	9	10	16
gene_2247521	0	0	0	0	0	0	0	0	0	0	0	0	0	0	0	0	0	0	0	0	0	0	0	0	0	0	0	0	0	0	0	0	0	0	0	0	0	0	1	0	0	0	0	0	0	0	0	0	0	0	0	0	0	0	0	0	0	0	0	0	1	2	1	2	0	0	0	2	3	2	3	4	6	0	11	0	0	1	5	1	0	3	2	0	0	2	0	0	0	1	0	1
gene_2249447	0	0	0	0	0	0	0	1	0	0	0	0	0	0	0	0	0	0	0	0	0	0	0	0	0	0	0	0	0	1	0	0	0	0	0	0	0	1	0	0	1	1	0	0	0	0	2	1	0	0	44	0	1	0	1	0	1	0	0	3	0	0	0	0	0	0	0	0	0	0	0	0	0	0	1	0	0	0	0	0	0	1	0	0	0	1	0	0	0	0	1	0
gene_2250903	12	7	2	2	26	0	0	5	2	2	12	7	40	0	10	0	7	30	17	13	4	33	6	27	0	13	1	1	20	9	0	0	0	1	0	0	5	1	0	1	1	3	1	1	0	7	1	14	0	0	45	2	2	0	6	1	1	12	6	8	1	1	5	0	0	1	1	1	1	0	0	2	0	1	13	1	1	2	0	1	1	0	9	48	1	26	0	5	3	2	13	2
gene_2259555	0	0	4	0	0	0	0	0	1	0	0	0	0	0	0	0	0	0	0	0	0	0	0	0	0	0	2	0	0	0	2	2	0	1	0	0	0	0	0	1	0	0	1	1	0	0	1	2	4	0	0	0	0	0	0	2	0	0	0	0	0	0	4	5	2	0	1	1	2	0	1	2	4	0	2	0	1	0	1	6	15	0	1	4	0	1	2	0	0	12	0	2
gene_2274570	1	1	1	0	0	0	0	2	0	0	0	0	1	0	4	0	1	1	0	1	0	1	0	0	0	0	0	0	4	0	3	3	0	2	1	1	6	0	0	1	1	7	0	0	7	3	2	1	0	0	4	4	0	0	7	1	1	0	1	0	1	2	0	0	0	0	0	0	6	0	0	1	0	0	0	0	0	0	0	0	0	0	0	0	0	4	0	1	1	0	0	0
gene_2276827	43	38	2	109	90	8	6	4	3	1	44	17	15	85	40	162	90	7	0	9	7	5	18	3	89	36	111	0	2	48	40	7	49	66	22	48	40	21	8	1	1	64	14	1	17	8	2	63	20	61	4	1	43	5	38	2	2	1	1	2	0	0	0	1	0	0	0	0	0	0	5	6	0	4	0	4	2	3	0	1	15	0	6	9	0	9	7	25	0	0	2	7
gene_228707	0	1	0	0	0	0	1	0	1	0	0	0	0	0	0	0	0	0	0	0	0	0	0	0	0	0	0	0	0	0	0	0	0	0	0	0	0	0	0	0	0	6	1	0	0	0	0	1	0	0	0	0	0	0	0	1	0	0	0	0	4	8	7	8	2	0	6	0	5	2	2	12	7	3	18	5	0	10	0	4	0	3	3	2	0	4	0	7	0	9	10	7
gene_2294450	2	0	0	0	0	0	0	1	0	2	2	0	0	0	0	0	0	0	1	0	0	3	0	2	2	0	0	0	0	1	0	0	0	0	0	0	0	0	0	0	0	0	0	0	0	0	0	0	0	0	0	1	0	0	0	0	0	0	0	0	0	0	0	0	0	0	0	0	0	0	0	0	0	0	0	0	0	0	0	0	0	0	0	0	0	1	0	0	0	0	0	0
gene_2297041	1	0	0	0	0	0	0	0	0	0	0	1	1	0	0	0	0	2	0	0	0	2	0	3	0	0	0	0	0	0	0	0	0	0	0	0	0	0	0	0	2	0	0	0	0	0	0	1	0	0	1	1	0	0	0	0	0	0	0	0	0	0	0	0	0	0	0	0	0	0	0	1	0	0	2	0	0	0	0	0	0	0	0	3	0	2	0	0	1	0	0	0
gene_2297042	0	0	0	0	0	0	0	0	0	0	0	0	5	0	0	0	4	5	0	0	0	6	1	3	0	0	0	0	0	0	1	0	0	0	6	0	0	0	0	1	2	0	0	0	0	0	1	2	0	0	1	0	0	0	0	0	0	0	0	0	1	1	1	0	1	1	1	0	3	0	0	0	0	0	3	0	0	0	0	0	0	0	1	6	0	4	0	1	0	2	0	0
gene_2297043	0	0	0	0	0	0	0	0	0	1	0	1	3	0	1	0	1	0	0	0	0	2	2	5	0	1	0	0	1	0	0	0	0	2	0	0	0	0	0	1	0	0	3	0	0	0	0	1	0	0	1	0	0	1	0	0	0	0	1	1	0	0	1	0	0	0	0	0	0	0	0	0	1	0	2	0	0	0	0	0	0	0	1	3	0	5	0	0	0	1	0	1
gene_2300865	0	0	0	0	0	0	0	0	0	0	0	0	0	0	0	0	0	0	0	0	0	0	0	0	0	0	0	0	0	0	0	0	0	0	2	0	0	0	0	0	0	0	0	0	0	0	0	0	0	0	0	0	0	0	0	0	0	0	0	0	7	2	1	5	3	0	4	8	5	2	1	17	4	0	3	0	2	2	1	0	0	1	2	0	1	3	2	0	8	8	5	4
gene_2306934	3	4	0	0	1	0	0	0	0	0	0	0	0	0	0	0	1	0	0	0	0	0	0	0	0	0	0	0	0	0	0	0	0	0	1	0	29	1	0	1	0	1	0	0	0	0	0	0	0	0	0	0	0	0	0	0	0	0	0	0	0	6	0	9	3	3	9	2	4	0	0	7	0	1	0	4	0	6	5	13	8	1	5	10	0	23	17	5	4	3	16	6
gene_2351165	5	0	0	0	1	0	0	0	0	0	0	1	0	0	0	0	0	0	0	0	0	0	0	1	0	0	0	0	1	0	0	0	0	0	0	0	2	0	0	0	0	5	0	0	0	0	0	1	0	0	58	1	0	0	0	2	0	0	0	1	0	0	0	0	0	0	0	0	0	0	0	0	0	0	0	0	0	0	0	0	0	0	1	1	0	0	0	0	0	0	0	0
gene_2354785	3	0	2	4	0	5	1	0	28	0	0	0	0	2	1	0	0	0	1	1	0	1	1	0	0	20	11	0	0	0	1	5	4	2	1	2	2	0	1	10	4	3	8	9	0	0	1	9	1	15	0	1	0	0	0	2	2	0	0	0	7	7	9	10	9	6	3	3	17	0	0	4	5	0	9	2	4	11	4	1	0	1	6	3	0	2	0	1	3	2	4	3
gene_2424834	1	0	0	0	0	0	0	1	1	0	0	0	0	0	0	0	0	0	0	0	0	0	0	0	0	0	0	0	0	0	0	0	0	3	0	1	5	0	0	0	0	0	0	0	0	0	0	0	0	0	0	0	0	0	0	0	0	0	0	0	0	4	0	2	10	5	8	0	0	0	0	0	0	0	0	0	0	0	0	0	0	0	0	0	0	0	0	0	0	0	0	0
gene_2429941	6	1	0	0	0	0	0	2	0	0	1	0	2	0	0	0	0	0	0	0	0	0	0	0	0	0	0	0	0	0	0	0	0	0	0	0	1	0	0	0	0	0	0	0	0	0	0	0	0	0	40	0	0	0	0	2	0	0	0	0	0	0	0	0	0	0	0	0	0	0	0	0	0	0	0	0	0	0	0	0	0	0	0	1	0	0	0	0	0	0	0	0
gene_2429942	1	0	0	0	0	0	0	3	0	0	0	1	0	0	0	0	0	0	0	0	0	1	0	0	0	0	0	0	1	0	0	0	0	0	0	0	0	0	0	0	0	0	1	0	0	0	0	0	0	0	17	0	0	0	1	3	0	0	0	0	0	0	0	0	0	0	0	0	0	0	0	0	0	0	0	0	0	0	0	0	0	0	0	3	0	0	0	0	0	0	0	0
gene_2437450	3	0	0	0	0	0	0	0	0	0	0	1	2	0	0	0	0	2	0	0	3	5	0	6	1	0	0	0	11	4	0	0	0	0	0	0	0	0	0	0	0	1	1	0	0	0	0	0	0	0	2	0	0	0	0	0	0	0	0	0	0	0	0	0	0	0	0	0	0	0	0	0	0	0	0	0	0	0	0	0	0	0	0	0	0	0	0	0	0	0	0	0
gene_2440403	1	0	0	0	0	0	3	1	0	0	0	0	0	0	1	1	0	0	0	0	2	3	0	1	0	1	0	0	14	0	5	13	8	5	1	16	7	4	1	16	0	0	1	0	0	0	5	1	0	0	0	4	0	2	0	2	1	1	0	0	0	0	0	1	3	0	0	2	0	0	0	0	0	3	0	1	0	2	2	2	1	1	1	2	1	4	2	1	2	0	0	0
gene_244983	0	0	0	0	0	1	0	0	0	0	0	0	0	0	0	0	0	0	0	0	0	0	0	0	1	23	22	0	0	0	0	3	0	0	0	0	0	0	0	0	0	1	0	0	0	0	1	0	10	0	0	0	0	6	0	4	0	0	0	0	18	0	8	4	3	2	6	12	0	7	0	3	5	0	5	5	3	1	17	4	1	3	13	14	13	27	9	18	15	8	11	46
gene_2450025	68	23	7	0	17	1	1	37	3	22	35	37	20	1	18	2	5	54	26	21	7	27	6	60	3	15	6	1	16	27	0	0	0	0	0	0	0	0	0	0	0	2	0	0	0	0	0	3	0	0	10	0	0	0	0	0	1	0	0	0	0	0	0	0	0	0	0	0	0	0	0	0	0	1	1	0	0	0	0	0	0	0	0	1	0	0	0	0	0	0	0	0
gene_2464048	145	30	33	2	32	6	1	94	2	44	73	36	32	5	37	3	16	71	32	14	19	62	17	63	8	32	12	2	33	35	0	1	0	0	0	0	3	0	0	0	1	1	0	1	0	2	0	4	0	0	28	1	0	0	2	3	0	4	0	0	1	0	1	0	0	0	0	1	5	0	0	1	4	0	1	2	2	0	0	0	0	0	1	6	2	8	0	0	3	0	1	0
gene_2480041	10	4	2	0	9	0	1	6	0	6	4	3	15	1	5	1	6	18	11	4	1	20	6	10	0	8	2	0	4	6	0	1	1	2	2	0	7	0	0	1	5	2	2	0	1	6	0	6	0	0	45	2	2	1	2	0	8	5	0	4	0	1	0	0	0	1	0	0	2	1	0	1	3	0	6	0	1	0	0	0	0	0	5	27	2	15	1	2	2	0	4	0
gene_2480668	0	0	0	0	0	0	0	0	0	0	0	0	0	0	0	0	0	0	0	0	0	0	0	0	0	0	0	0	0	0	0	0	0	0	0	0	0	0	0	0	0	0	0	0	0	0	0	0	0	0	0	0	0	0	0	0	0	0	0	0	0	0	0	0	0	0	0	0	0	0	0	0	0	0	0	0	0	0	0	0	0	0	0	0	0	0	0	0	0	0	0	0
gene_2480669	3	0	0	0	0	0	0	0	0	0	0	0	0	0	0	0	0	1	0	0	1	0	0	0	0	0	0	0	0	0	0	0	0	0	0	0	2	0	0	0	0	0	0	0	0	1	0	0	1	0	26	0	0	6	0	1	0	0	0	0	0	0	0	0	0	0	0	0	0	0	0	0	0	0	1	0	0	0	0	0	0	0	0	0	0	0	0	0	0	0	0	0
gene_2484922	134	48	22	2	48	16	0	78	7	44	86	57	65	7	38	7	27	105	40	44	18	76	23	117	5	44	16	5	69	80	0	4	1	2	3	1	6	0	0	2	1	7	2	0	1	5	3	9	3	3	202	2	5	2	3	4	0	8	6	14	1	1	5	0	1	2	0	1	8	4	0	1	4	0	12	1	0	1	1	1	0	1	22	55	1	25	0	4	7	1	6	1
gene_2489866	0	0	0	0	0	0	0	0	0	0	0	0	0	0	0	0	0	0	0	0	0	0	0	0	0	1	0	0	0	0	0	0	0	0	1	0	0	0	0	0	0	0	0	0	0	0	0	0	0	0	0	0	0	0	0	0	0	0	0	0	0	0	0	0	0	0	0	0	1	0	0	0	0	0	0	0	0	0	0	0	0	0	0	0	0	0	0	0	0	0	0	0
gene_2494385	3	0	0	0	0	0	0	0	0	0	0	0	0	0	0	0	0	0	0	0	0	0	0	0	0	0	0	0	0	0	0	0	0	0	0	0	0	0	0	0	1	0	0	0	2	0	0	0	0	0	2	1	0	4	4	3	8	3	6	0	0	0	0	0	0	0	0	0	0	0	0	1	0	0	1	0	1	0	0	0	0	0	0	0	0	0	0	0	0	1	0	1
gene_250551	0	0	0	0	0	0	0	0	0	0	0	0	0	0	0	0	0	0	0	0	0	0	0	0	0	0	0	0	0	0	0	0	0	0	0	0	0	0	0	0	0	0	0	0	0	0	0	0	0	0	0	0	0	0	0	0	0	0	0	0	13	0	0	0	0	1	0	127	0	0	0	0	0	0	0	0	0	0	0	0	0	0	0	0	0	0	0	0	0	0	0	0
gene_2509600	3	0	0	0	0	0	0	0	0	0	0	0	0	0	0	0	0	0	0	0	0	0	0	0	0	0	0	0	0	0	3	0	2	0	2	1	0	1	1	1	1	0	0	2	1	2	0	0	0	0	1	0	0	1	0	1	0	0	1	0	0	0	0	0	0	0	1	4	3	0	0	0	0	0	0	0	0	0	2	0	1	0	0	0	0	0	0	0	0	0	1	3
gene_2523531	1	3	0	0	0	1	0	1	0	0	0	0	0	0	0	0	0	3	0	0	0	0	0	0	0	0	0	0	0	0	7	1	0	3	0	0	0	0	2	1	3	0	0	0	2	0	0	1	0	0	2	0	0	0	0	0	0	0	0	0	0	3	6	3	2	0	0	0	8	0	0	0	0	0	0	0	0	0	0	0	0	0	0	0	1	7	0	6	0	0	0	0
gene_2526286	0	1	0	0	0	0	0	2	0	0	0	0	0	0	0	0	0	0	0	0	0	0	0	0	0	1	4	0	0	0	2	1	3	0	1	0	0	0	4	1	3	0	0	1	0	0	0	0	2	0	0	0	0	1	0	0	0	0	3	0	0	2	0	3	2	3	0	1	1	0	0	0	1	0	1	0	0	4	2	0	1	0	1	0	1	1	0	0	2	0	0	0
gene_252818	0	0	0	0	0	0	0	0	0	0	0	0	0	0	0	0	0	0	0	0	0	0	0	0	0	0	0	0	0	0	0	0	0	0	0	0	0	0	0	0	0	0	0	0	0	0	0	0	0	0	0	0	0	0	0	0	0	0	0	0	0	1	0	0	0	0	0	0	0	0	0	0	0	2	29	3	1	1	0	1	1	6	7	0	0	0	0	0	0	0	3	0
gene_2559878	23	2	19	4	3	7	2	9	4	20	3	0	4	1	2	14	0	0	0	1	0	0	0	0	0	2	0	0	0	2	19	3	9	0	2	3	12	0	0	0	0	0	3	0	1	5	6	1	8	3	1	1	0	16	0	0	3	8	8	0	47	30	27	22	29	9	29	37	34	2	0	5	1	0	12	3	0	4	2	7	23	2	1	4	0	3	1	1	2	5	1	0
gene_2565139	0	0	0	0	0	1	0	0	1	0	0	0	0	0	2	0	0	0	0	0	0	0	0	0	0	0	0	0	0	0	0	0	0	0	0	0	0	0	0	0	0	0	0	0	0	0	0	0	0	0	0	0	0	0	0	0	0	0	0	0	4	5	4	14	7	6	4	2	11	3	1	0	3	1	5	0	4	6	4	1	1	2	8	2	0	1	0	2	0	8	1	1
gene_2565487	0	13	24	0	6	2	1	0	38	36	0	0	0	0	0	0	0	0	0	10	0	0	0	0	0	0	0	0	0	0	1	27	4	0	10	2	200	2	55	11	1	2552	11	1	11	0	2	117	8	166	0	0	12	0	0	3	3	0	0	0	1760	780	1267	1121	919	1060	1280	1454	1639	408	221	2501	482	366	2635	1205	837	1727	2411	821	649	1989	860	729	339	679	503	691	30	524	987	1201
gene_2570783	5416	2876	2711	2014	2114	2868	2144	2166	3094	2195	3444	1152	1122	3288	3843	3737	3128	1964	727	1845	3709	3728	2841	2034	3009	4801	4038	20	2153	2199	3326	3773	2732	2260	2225	3096	2523	1781	2210	3015	3648	2581	2136	2168	3870	1961	3245	3684	2110	1352	2056	3511	1978	3959	2629	2191	2890	3485	3208	3636	1790	1578	1659	1654	1739	1671	1159	2166	1928	1091	371	2090	1677	970	3108	925	1940	1945	2041	2286	1226	1353	2784	1661	1159	2511	693	1164	2267	2039	1816	2289
gene_2611095	9	0	1	0	0	0	1	0	0	0	0	0	0	0	0	0	0	0	0	0	0	0	0	0	0	0	0	0	0	0	0	2	3	0	3	0	1	0	1	5	0	0	0	0	1	2	1	0	0	0	0	0	0	0	1	0	0	1	2	0	2	1	0	2	1	0	0	2	4	0	0	0	0	0	0	0	0	0	0	0	0	0	0	0	0	1	0	0	0	1	0	0
gene_2611097	0	0	0	0	0	0	0	0	0	0	0	0	0	0	0	0	0	0	0	0	0	0	0	0	0	0	0	0	0	0	2	0	0	0	0	0	0	0	0	1	0	0	0	0	0	0	0	0	0	0	0	0	0	0	0	2	0	0	0	0	0	2	0	1	0	0	0	0	0	0	0	0	0	0	0	0	0	0	0	0	0	0	0	0	0	0	0	0	0	0	0	0
gene_2637984	0	1	0	0	0	0	0	0	0	0	0	0	1	0	0	0	0	1	0	0	2	1	0	0	0	0	0	0	0	1	0	0	0	0	0	0	0	0	0	0	0	0	0	0	0	0	0	0	0	0	1	0	0	0	0	0	0	0	0	0	0	0	0	0	0	0	0	0	0	0	0	0	0	0	0	0	0	0	0	0	0	0	0	0	1	0	0	0	0	0	3	0
gene_2638179	40	0	0	0	2	1	0	2	0	0	0	1	1	0	1	0	1	6	0	6	0	2	2	0	0	0	0	0	2	0	5	4	4	5	2	1	10	8	4	10	1	3	1	3	14	4	0	6	0	0	0	1	0	5	3	0	13	3	14	2	2	3	0	1	3	0	1	5	3	3	0	9	1	0	6	1	0	2	0	1	3	0	0	1	0	1	1	0	1	2	2	0
gene_2641866	90	23	19	0	44	8	2	85	5	44	73	31	54	9	42	3	18	93	33	18	12	65	7	60	6	22	20	0	47	47	0	1	1	0	2	2	3	0	0	4	1	8	1	0	0	8	1	18	4	1	113	1	0	3	1	2	1	1	3	7	0	0	2	1	1	0	1	1	2	0	0	2	0	1	9	0	1	1	0	1	2	3	2	34	1	21	1	1	2	0	3	1
gene_2641867	26	5	2	0	5	2	0	15	1	6	16	12	9	1	4	2	2	14	4	4	5	12	3	10	1	7	2	0	9	5	0	2	0	0	0	0	0	0	0	1	0	0	0	0	0	2	1	1	0	0	14	0	1	0	0	1	0	1	1	0	0	0	0	2	0	0	0	1	0	0	0	0	0	0	2	0	0	0	0	1	1	0	5	9	0	5	1	0	2	1	0	0
gene_2659017	0	0	0	0	0	0	0	0	0	0	0	0	0	0	0	0	0	1	0	0	0	0	0	0	0	0	0	0	0	0	0	0	0	0	0	0	0	0	0	0	0	0	0	0	0	1	0	0	0	0	0	0	0	0	0	0	0	0	0	0	0	0	0	0	0	0	0	0	1	0	0	0	0	0	0	0	0	0	0	0	0	0	0	2	0	7	0	0	0	0	0	0
gene_2668289	4	1	2	0	1	0	1	1	0	0	2	2	3	0	2	0	2	6	0	3	2	5	5	6	0	3	0	0	5	3	0	0	1	0	0	0	2	0	0	0	1	2	1	1	0	3	0	7	1	0	6	0	0	1	0	1	0	1	0	0	0	0	0	0	0	0	0	0	1	4	0	0	1	0	2	0	0	0	0	1	0	0	4	13	0	6	1	4	2	0	0	0
gene_2676715	0	0	0	0	0	0	0	0	0	0	0	0	0	0	0	0	0	0	0	0	0	0	0	0	0	0	0	0	0	0	12	0	0	0	0	4	1	3	0	0	0	0	0	0	0	0	0	0	0	0	0	0	0	0	0	1	0	0	0	0	0	3	0	2	0	0	0	1	0	0	0	2	0	0	0	0	0	2	0	1	0	0	0	0	0	1	0	0	0	0	0	0
gene_2694921	0	0	1	2	17	0	0	0	4	1	2	2	0	0	0	0	0	0	0	2	0	0	0	37	0	0	3	0	0	13	0	1	2	0	0	0	0	1	2	0	0	0	0	0	0	0	0	0	0	0	0	0	0	0	0	0	0	0	0	0	3	7	1	4	1	2	7	6	3	0	0	1	0	0	3	1	0	1	3	0	0	1	2	1	0	1	1	5	0	0	2	1
gene_2700612	4	3	0	0	0	0	3	0	1	7	1	1	0	0	0	0	0	0	0	0	0	0	0	4	0	1	2	0	0	2	6	4	15	0	0	1	3	0	1	0	1	4	1	1	0	2	1	0	0	0	0	0	0	0	0	0	0	0	0	1	1	3	0	2	0	0	0	0	0	0	0	2	2	0	0	0	0	0	0	2	0	0	1	0	2	0	0	0	0	3	2	0
gene_2709486	0	0	0	0	0	0	0	0	0	0	0	0	0	0	0	0	0	0	0	0	0	0	0	0	0	0	0	0	0	0	0	0	0	0	0	0	0	0	0	0	0	0	0	0	0	0	0	0	0	0	0	0	0	0	0	0	0	0	0	0	0	0	0	0	0	0	0	0	0	0	0	0	0	0	0	0	0	0	0	0	0	0	0	0	0	0	0	0	0	0	0	0
gene_2709487	10	8	1	0	16	0	0	4	0	3	8	8	40	1	15	3	7	33	13	10	11	23	11	25	1	9	1	0	27	11	0	2	1	1	1	1	6	0	0	2	4	4	1	0	0	11	0	24	2	0	25	4	4	3	10	1	0	8	4	2	0	1	4	0	1	0	0	3	6	4	0	1	3	0	10	2	0	1	2	0	2	2	4	54	0	53	1	12	7	1	9	3
gene_2714412	3	1	0	0	0	0	0	0	0	0	1	0	0	0	0	0	0	9	0	4	1	0	0	0	0	0	0	0	1	0	5	0	5	1	2	0	2	2	0	0	0	6	2	2	11	2	2	2	4	0	0	3	0	2	8	10	10	9	4	0	0	0	1	3	0	1	0	4	1	0	0	1	0	0	1	0	1	1	1	0	0	0	2	1	0	1	0	1	0	5	3	4
gene_2717964	168	61	24	0	49	8	2	107	7	46	79	43	42	20	38	4	13	101	44	38	18	82	9	58	8	43	25	0	73	75	0	0	0	1	0	0	2	0	0	0	0	2	1	0	0	0	1	5	0	0	43	3	0	0	1	2	1	1	2	3	0	0	1	0	0	0	0	0	0	0	0	0	0	0	0	0	0	0	0	0	0	0	1	5	2	0	0	0	0	0	0	0
gene_2721030	1	0	0	0	0	0	0	0	0	0	0	0	0	1	0	3	0	0	1	0	0	1	0	0	0	6	3	0	0	0	1	0	1	1	0	0	3	0	2	0	2	0	4	1	3	0	2	0	0	2	0	0	1	0	2	0	2	1	0	1	2	1	0	1	2	0	0	0	1	0	1	1	0	0	2	2	0	1	3	2	1	0	0	1	2	3	2	0	0	1	2	2
gene_2724055	106	30	20	4	45	5	2	76	6	33	58	53	17	7	33	5	23	67	43	31	15	59	7	72	5	24	15	0	27	65	1	1	0	0	0	0	0	0	0	0	0	1	0	1	0	2	0	1	0	0	24	0	1	0	0	0	0	0	1	1	0	0	1	0	0	0	0	0	0	0	0	0	4	0	1	0	0	0	0	0	0	0	0	2	0	1	0	0	0	1	0	0
gene_274547	1	2	0	0	0	0	0	0	0	0	0	0	0	0	0	0	0	0	0	0	0	0	0	0	0	0	0	0	0	1	57	1	9	47	21	80	20	24	8	46	0	0	0	0	0	0	0	0	0	0	0	0	0	0	0	0	0	0	0	0	0	0	0	0	0	0	0	0	0	0	0	0	0	0	0	0	0	0	0	0	0	0	0	0	0	0	0	0	0	0	0	0
gene_2759771	218	165	73	83	43	124	79	38	63	76	145	45	193	210	157	415	170	123	65	94	328	366	180	155	125	413	127	0	205	78	63	176	74	75	92	77	124	63	96	97	130	97	79	72	230	90	277	244	145	82	91	98	174	440	191	254	191	414	293	256	79	66	100	148	137	113	172	157	110	106	31	194	86	73	341	114	91	92	137	175	169	176	118	114	72	117	53	97	147	142	121	167
gene_2759772	842	530	307	356	179	390	247	186	240	229	502	193	630	803	536	1153	791	478	251	388	1294	1260	634	778	443	1107	509	3	918	380	309	735	359	318	458	327	450	235	469	416	539	322	308	297	767	328	796	721	428	259	308	329	651	939	645	807	707	1027	1005	775	304	274	362	455	425	410	475	372	363	292	77	523	233	178	911	261	328	339	474	532	436	373	488	351	206	434	108	271	358	425	441	492
gene_276465	3	0	3	0	0	64	1	1	143	0	0	0	0	0	0	0	0	0	0	0	0	0	0	0	0	0	0	0	0	0	0	0	0	0	0	0	0	2	1	2	0	0	0	0	0	0	0	0	0	0	0	0	0	0	0	0	0	0	0	0	0	3	0	0	0	1	4	0	0	0	0	0	0	0	0	0	0	0	0	0	0	0	0	0	0	0	0	0	0	0	0	0
gene_2770406	124	50	23	3	43	4	3	101	2	58	43	69	37	8	44	5	28	102	38	32	27	79	26	75	11	42	15	1	50	78	0	1	0	0	0	0	2	0	0	0	0	1	0	0	0	3	2	0	0	0	32	1	1	0	0	0	0	0	1	1	0	2	4	0	0	0	1	0	1	1	0	1	6	2	1	0	0	0	3	0	0	0	3	3	1	4	0	1	0	0	0	0
gene_2771686	40	74	0	1	2	1	0	6	2	3	3	0	1	25	4	3	0	0	0	20	7	10	5	3	1	8	5	0	7	11	14	8	13	2	8	14	9	4	11	10	7	2	4	6	6	25	16	12	3	4	5	5	6	7	2	2	2	6	4	5	18	13	5	8	11	9	10	21	12	14	5	22	6	3	39	5	16	16	28	5	22	12	10	12	4	9	5	5	22	16	5	6
gene_2772341	0	0	0	4	0	0	0	8	0	0	0	0	2	0	0	15	0	0	0	0	0	1	0	6	2	5	3	0	0	1	0	3	0	1	0	1	0	0	3	0	2	2	0	4	1	1	6	2	2	12	1	0	1	1	3	4	3	0	0	1	0	0	5	0	2	0	0	0	3	0	2	1	0	0	9	0	0	0	4	2	3	0	3	3	3	2	0	2	0	3	1	1
gene_2786607	0	0	0	0	0	0	0	0	0	0	0	0	0	0	0	0	0	0	0	0	0	0	0	0	0	0	0	0	0	0	0	0	2	0	0	0	0	0	0	0	0	0	0	0	0	0	0	0	0	0	0	0	0	0	0	0	0	0	0	0	4	0	7	0	6	0	8	0	0	0	0	0	0	0	0	0	0	0	0	0	0	0	0	0	0	0	0	0	0	0	0	0
gene_2800177	1	0	0	0	0	0	0	1	0	0	0	0	0	0	0	0	0	0	1	0	0	0	0	0	0	0	0	0	0	0	0	0	0	0	0	0	1	0	0	0	0	0	0	0	0	1	1	0	0	0	36	0	0	0	0	0	0	0	0	0	0	0	0	0	0	0	0	0	1	0	0	0	4	0	0	0	0	0	0	0	0	0	0	0	0	0	0	0	1	0	1	0
gene_2814879	13	5	0	1	12	0	1	3	1	4	10	7	26	1	4	0	3	20	11	9	0	12	0	10	1	3	0	1	10	4	0	3	0	0	1	1	1	0	0	0	2	0	0	1	1	3	3	7	2	3	57	2	1	3	1	2	0	4	2	2	0	0	1	0	1	0	0	0	2	0	0	0	1	1	4	1	1	1	0	0	0	1	5	22	1	14	0	4	3	4	4	2
gene_2815668	1	0	0	0	1	0	0	0	1	0	0	0	0	0	0	0	0	0	0	0	0	0	0	0	0	0	0	0	0	0	0	2	0	0	5	0	1	1	1	0	0	2	0	0	0	0	0	0	0	0	0	0	0	0	0	0	0	0	0	0	9	1	0	5	15	2	11	7	9	1	0	1	1	0	2	0	2	0	7	0	0	2	1	0	0	2	0	10	0	1	2	3
gene_2821815	2	0	0	0	1	0	0	0	0	0	3	0	0	0	0	5	0	0	0	0	4	0	0	0	0	0	0	0	0	0	0	0	4	0	0	0	7	0	3	0	0	5	0	0	1	1	1	0	3	0	0	0	0	0	0	0	0	0	0	0	1	8	7	5	11	1	6	3	2	2	0	16	1	0	9	1	6	1	4	5	0	13	0	0	1	17	3	24	0	3	7	13
gene_2833411	0	0	0	0	0	0	0	0	0	0	0	0	0	0	0	0	0	0	0	0	0	0	0	0	0	0	0	0	0	0	0	0	0	0	0	0	0	0	0	0	0	2	0	0	0	0	0	0	0	0	0	0	0	0	0	0	0	0	0	0	2	0	0	0	4	0	0	2	1	0	0	6	0	0	0	1	0	0	1	0	0	0	0	0	0	0	0	0	0	0	0	0
gene_2834143	7	3	4	5	18	2	5	1	13	21	0	1	2	0	0	1	9	33	0	8	3	7	1	9	0	0	5	0	3	1	137	62	127	51	167	127	23	78	36	124	43	138	18	2	47	81	28	16	113	8	102	31	1	15	18	3	16	27	8	13	3	43	2	0	2	0	6	6	32	7	6	13	9	41	34	7	1	11	19	14	1	37	32	60	33	12	14	6	170	26	25	21
gene_2836150	2	1	0	0	0	1	1	0	0	1	0	0	0	0	0	0	0	0	0	0	0	0	0	0	0	0	0	0	0	0	0	0	0	0	0	0	0	0	0	0	0	4	0	0	0	0	0	0	0	0	0	2	0	1	0	0	0	0	3	0	0	5	0	3	0	2	2	0	0	2	1	6	1	5	23	0	0	8	0	2	1	4	8	8	2	4	0	2	1	0	2	2
gene_2841303	4	0	0	0	0	0	0	1	0	0	0	0	0	0	0	0	0	1	0	1	0	0	0	0	0	0	0	0	1	0	0	0	1	0	0	0	2	0	2	0	2	0	2	1	2	1	0	1	0	0	6	0	0	2	2	3	1	7	4	3	0	2	0	1	2	0	5	5	8	3	0	0	1	1	8	3	0	0	2	2	0	1	2	9	0	2	1	1	2	1	2	0
gene_2845522	1	2	1	0	15	0	0	2	0	1	1	2	45	0	5	0	6	14	17	2	0	2	2	14	0	1	0	1	9	0	0	0	0	0	0	1	0	0	0	0	0	0	0	0	1	0	0	1	0	0	2	0	1	0	4	0	0	4	0	0	0	0	2	0	0	0	0	0	0	0	0	0	0	0	1	0	0	0	0	0	0	0	0	4	0	3	0	0	0	0	0	0
gene_2848025	0	0	0	0	0	0	0	0	0	0	0	0	0	0	0	0	0	0	0	0	0	0	0	0	0	0	0	0	0	0	0	0	0	0	0	0	0	0	0	0	0	0	0	0	0	0	0	0	0	0	0	0	0	2	0	0	5	0	0	1	0	0	0	0	0	0	0	0	1	0	0	0	0	0	3	1	0	0	0	0	0	0	1	0	0	0	0	0	0	0	0	0
gene_2848287	10	20	31	3	3	2	1	16	15	1	18	0	1	11	1	5	0	0	0	1	0	6	0	4	0	3	0	0	1	1	2	2	2	13	7	4	6	7	0	7	4	5	4	4	18	7	5	30	1	1	13	8	0	5	3	1	3	21	17	9	17	10	5	14	5	7	6	12	17	5	0	10	11	4	13	2	6	4	13	7	4	9	22	9	3	31	3	6	7	5	7	12
gene_286358	7	2	0	39	2	0	7	3	1	0	2	1	0	0	3	1	3	1	0	1	0	1	1	0	1	3	4	0	0	0	1	7	3	0	0	0	0	3	1	2	5	1	0	2	2	2	2	3	4	0	1	2	0	2	2	0	0	2	4	0	1	3	5	8	5	148	7	0	1	5	5	1	0	0	6	2	0	1	2	0	6	1	2	2	1	4	1	0	2	13	0	2
gene_2863863	8	2	11	1	2	1	2	5	17	0	3	0	5	7	3	28	6	5	1	2	2	8	6	0	4	8	3	0	2	1	4	8	1	2	1	1	6	2	2	2	6	4	9	5	11	9	9	12	5	7	12	7	2	40	22	6	10	13	6	16	9	3	7	22	14	12	12	47	21	30	3	44	7	10	56	32	12	30	51	10	13	14	4	21	7	14	2	13	19	3	7	7
gene_2883364	160	46	33	0	59	5	5	147	3	47	100	63	48	14	48	12	19	148	45	39	11	91	26	88	10	39	29	1	90	96	0	0	1	1	0	0	3	0	0	0	2	1	1	0	0	3	3	2	0	0	52	2	2	1	2	0	2	1	1	2	0	0	2	0	0	1	0	0	2	0	0	1	4	0	3	0	0	0	0	0	3	0	0	0	0	2	0	1	0	0	0	2
gene_2890054	17	5	0	0	5	0	2	0	0	4	14	6	15	1	5	0	4	20	9	6	2	9	3	8	2	12	0	0	10	14	0	2	0	2	0	0	2	0	0	0	2	1	1	2	0	11	2	7	0	2	19	1	0	0	2	1	0	4	4	1	0	0	0	1	1	2	0	0	4	1	0	1	2	2	12	0	0	3	3	0	0	1	14	40	1	26	0	2	10	0	9	3
gene_2890069	29	9	0	1	16	2	0	12	3	8	10	8	20	5	8	0	6	23	12	10	2	10	6	13	0	3	3	2	11	16	1	0	0	2	0	2	1	0	0	1	3	2	1	0	0	5	1	6	1	2	87	0	1	4	0	3	1	0	0	11	0	1	0	1	0	0	0	0	0	0	0	0	0	0	2	0	1	0	0	0	0	0	5	7	0	2	0	0	0	0	1	0
gene_2896931	15	6	0	4	3	2	0	6	0	0	17	0	3	5	10	9	11	10	6	4	9	25	10	6	2	23	5	0	10	4	3	3	3	2	0	1	16	5	0	1	7	21	1	1	3	0	11	15	6	1	17	0	4	28	13	3	12	3	13	1	1	1	3	8	6	11	1	3	0	15	4	5	7	6	3	2	4	4	10	14	7	3	30	9	3	9	1	5	14	3	8	4
gene_2899899	45	46	4	0	1	0	2	22	5	7	0	0	0	0	0	0	0	0	0	3	0	0	0	0	0	5	0	0	0	0	0	0	0	0	0	0	0	0	0	0	0	1	0	0	1	1	0	0	0	0	2	2	0	3	4	1	9	2	7	3	4	1	16	3	10	8	4	3	37	1	0	1	0	1	0	1	0	0	0	0	0	0	1	0	0	0	1	1	0	6	0	4
gene_2901370	0	0	0	0	0	0	0	0	0	0	0	0	0	0	0	0	0	0	0	0	0	0	0	0	0	0	0	0	0	0	0	0	0	0	0	0	0	0	0	0	0	0	0	0	0	0	0	0	0	0	7	0	0	0	0	0	0	0	0	0	0	0	0	0	0	0	0	0	0	0	0	0	0	0	0	0	0	0	0	0	0	0	0	1	0	0	0	0	0	0	0	0
gene_2901788	5	2	1	0	0	0	0	1	0	2	1	0	0	0	0	0	1	1	0	0	1	6	0	4	1	0	3	0	1	3	0	0	0	0	0	0	0	0	0	0	0	1	0	0	0	0	0	0	0	0	0	0	0	0	0	0	0	0	0	0	0	0	0	0	0	0	0	0	1	0	0	0	0	0	0	0	0	0	0	0	0	0	0	0	0	2	0	0	0	0	1	0
gene_2904381	12	7	3	0	6	0	0	5	1	1	3	0	26	4	4	1	3	9	11	2	0	2	1	12	2	4	3	0	3	4	1	0	0	0	2	1	0	0	0	0	0	1	0	0	0	0	0	4	0	0	1	0	2	0	1	0	0	0	1	0	0	0	0	0	0	0	0	0	0	2	0	0	0	0	2	0	1	2	0	0	0	2	0	7	0	7	1	1	3	2	1	0
gene_2918671	2	0	0	0	0	0	0	0	0	0	6	2	3	0	2	0	0	0	0	0	2	6	5	3	0	4	0	0	4	6	0	0	0	0	0	0	2	0	2	0	0	0	0	0	0	1	0	3	0	0	2	1	0	1	1	0	0	0	1	0	0	0	0	0	0	0	0	1	1	0	0	0	0	0	4	0	0	1	0	0	0	0	0	23	0	2	0	0	0	0	0	0
gene_2936462	0	0	0	0	0	0	0	0	0	0	0	0	0	0	0	0	0	0	0	0	0	0	0	0	0	0	0	0	0	0	0	0	0	0	0	0	0	0	0	0	0	0	0	0	0	0	0	0	0	0	0	0	0	0	0	0	0	0	0	0	0	0	0	0	0	0	0	0	0	0	0	0	0	0	0	0	0	0	0	0	0	0	0	0	0	0	0	0	0	0	0	0
gene_2936463	6	6	0	0	0	0	0	0	0	2	8	6	7	1	5	4	3	11	0	12	1	17	5	11	0	9	2	0	1	6	0	0	0	2	0	0	2	0	4	0	3	4	1	0	0	3	2	5	0	0	17	2	2	2	2	3	0	3	2	1	1	1	1	0	0	2	0	3	4	2	0	0	2	0	12	0	0	1	0	0	0	1	14	36	0	15	4	7	10	3	6	5
gene_2936485	0	0	0	0	0	0	0	0	0	0	0	0	0	0	0	0	0	0	0	0	0	0	0	0	0	0	0	0	0	0	0	0	0	0	0	0	0	0	0	0	0	0	0	0	0	0	0	0	0	0	0	0	0	0	0	0	0	0	0	0	0	0	0	0	0	0	0	0	0	0	0	0	0	0	0	0	0	0	0	0	0	0	0	0	0	0	0	0	0	0	0	0
gene_2936486	14	3	0	0	19	0	1	4	0	6	0	3	30	2	6	2	3	15	15	5	2	6	2	18	1	2	0	0	10	2	0	1	0	0	0	0	0	1	0	0	0	1	0	0	0	0	0	0	0	0	3	0	1	0	5	0	0	2	0	0	0	0	0	0	1	0	0	0	1	0	0	0	1	0	2	0	0	1	0	0	0	1	0	7	0	9	0	1	1	0	0	0
gene_2936987	8	0	0	0	0	0	0	1	0	0	0	0	0	0	0	0	0	0	0	0	0	0	0	0	0	0	0	0	0	0	0	0	3	0	0	0	0	0	0	0	0	0	0	0	0	0	0	0	0	0	0	0	0	0	0	0	2	0	0	0	0	0	0	0	1	0	0	0	0	0	0	0	0	0	0	1	0	0	0	0	0	0	0	0	0	0	0	0	0	0	0	1
gene_296232	0	0	0	0	0	0	0	0	0	0	0	0	0	0	0	0	0	0	0	0	0	0	0	0	0	0	0	0	0	0	0	0	0	0	0	0	0	0	0	0	0	0	0	0	0	0	0	0	0	0	0	0	0	0	0	0	0	0	0	0	12	7	1	0	3	3	12	4	1	0	0	0	0	0	0	0	0	0	1	0	0	1	0	0	0	0	0	0	0	3	0	0
gene_2979336	0	0	0	0	0	0	0	0	0	0	0	0	0	0	3	0	0	0	0	0	0	0	0	0	0	0	0	0	0	0	0	0	0	0	0	0	0	0	0	0	0	1	0	0	0	0	0	0	0	0	13	0	0	0	0	0	0	0	0	0	0	0	0	0	0	0	0	0	0	0	0	0	0	0	0	0	0	0	0	0	0	0	0	0	1	0	0	0	0	0	0	0
gene_29794	2	2	0	2	3	1	0	2	0	0	2	0	1	0	2	6	7	0	0	0	7	11	8	13	5	2	0	0	14	15	12	0	6	5	1	2	4	3	0	1	0	0	1	11	4	2	5	11	1	0	10	5	0	0	20	1	5	20	10	6	0	0	7	0	0	2	0	0	0	2	0	0	0	1	0	0	0	0	0	0	0	0	2	12	2	1	1	2	0	3	4	4
gene_2981789	1	0	0	0	0	0	0	0	0	0	0	0	0	0	0	0	0	1	0	0	0	0	0	0	0	0	0	0	0	0	0	0	0	0	2	0	0	0	0	0	0	0	0	0	3	0	0	0	0	0	0	0	0	0	1	2	3	3	5	0	0	1	0	0	0	0	0	0	0	0	0	0	0	0	0	0	0	0	0	0	0	0	0	0	0	0	0	0	0	0	1	0
gene_2981790	0	0	0	0	0	0	0	0	0	0	0	0	0	0	0	0	0	1	0	0	0	0	0	0	0	0	0	0	0	0	0	0	0	0	0	0	1	0	1	0	0	0	0	0	1	0	0	1	0	0	0	1	0	0	0	0	2	0	2	1	0	1	0	0	0	0	0	0	0	0	0	0	0	0	0	0	0	0	0	0	0	0	0	0	0	0	0	0	0	0	0	1
gene_2984976	2	0	0	0	0	0	0	0	0	0	0	0	1	0	0	0	0	0	0	2	0	0	0	0	0	0	0	0	0	0	1	0	3	2	3	0	2	0	1	2	0	0	0	1	2	0	0	0	0	0	0	0	0	0	1	0	2	0	2	0	0	0	0	0	2	2	0	1	1	0	0	2	0	0	2	0	0	0	0	0	0	0	2	0	0	1	0	0	0	0	2	0
gene_2992089	17	21	8	8	20	11	10	1	15	5	3	3	6	16	9	12	6	1	5	10	0	0	0	9	6	119	11	0	0	8	18	53	15	11	11	13	24	13	79	38	19	15	9	15	8	13	51	12	19	13	2	22	22	30	28	36	19	16	1	8	14	19	28	7	25	6	9	7	12	12	0	33	14	4	47	11	8	12	12	23	27	10	20	10	10	25	6	14	6	27	12	32
gene_3004453	0	0	0	0	0	0	0	0	0	0	0	0	2	0	1	0	0	0	0	0	0	0	0	0	0	0	0	0	0	0	0	0	0	0	0	0	0	0	0	0	0	0	0	0	0	0	0	0	0	0	0	0	0	0	0	0	0	0	0	0	0	0	0	0	0	0	0	0	0	0	0	0	0	0	1	0	0	0	0	0	0	0	0	1	0	0	0	0	0	0	0	0
gene_301843	53	1	0	1	2	4	0	6	3	1	0	2	1	0	0	0	0	5	0	1	0	0	1	0	0	0	0	0	3	2	1	0	0	2	1	0	0	0	1	0	0	1	0	0	0	0	0	0	0	0	0	1	1	1	1	0	3	0	0	0	0	0	0	1	0	1	0	1	0	0	0	0	2	0	3	0	0	0	0	1	0	3	4	0	0	0	0	0	0	1	0	0
gene_3023207	0	0	0	0	0	0	0	0	0	0	0	0	0	0	0	0	0	0	0	0	0	0	0	0	0	0	0	0	0	0	0	0	0	0	0	3	0	0	0	0	1	1	3	0	0	0	2	0	4	0	1	0	0	2	1	0	0	0	1	0	5	2	0	1	3	0	1	0	3	15	0	4	1	0	5	0	0	0	1	0	1	0	1	0	0	1	0	3	1	2	4	1
gene_3023457	9	0	0	0	0	0	1	1	1	0	0	0	0	0	0	0	0	0	0	0	0	0	1	1	0	0	0	0	0	0	0	0	2	1	2	0	0	0	2	3	0	1	1	0	3	0	0	1	0	0	0	1	0	0	2	2	2	2	0	1	0	0	0	1	0	0	3	1	2	0	0	0	0	0	2	0	0	0	1	0	0	0	0	1	0	0	0	1	0	1	1	7
gene_3023946	103	82	679	56	81	402	198	13	970	141	54	9	9	24	70	378	111	12	1	86	109	34	29	34	108	142	382	0	16	65	127	271	79	75	106	204	121	64	119	49	191	574	216	155	316	138	389	368	285	368	40	149	127	365	256	78	84	175	501	238	351	336	376	507	581	432	510	525	533	475	230	1511	143	219	561	301	186	235	660	300	331	426	619	522	202	503	437	828	615	433	478	532
gene_3029108	5	19	52	2	12	6	3	7	5	40	87	12	0	12	6	9	1	5	1	5	0	16	9	11	6	25	23	0	3	11	9	7	12	17	2	1	14	2	7	8	0	30	2	0	3	6	1	15	8	8	15	1	2	0	10	8	0	2	0	9	108	43	29	98	70	53	33	41	25	5	3	13	6	4	58	5	42	18	23	38	4	13	13	7	5	5	8	14	9	15	5	7
gene_3038797	0	0	0	0	0	0	0	1	0	0	0	0	0	0	0	0	0	0	0	0	0	0	0	0	0	2	0	0	1	0	0	0	0	0	0	0	0	0	0	0	0	0	0	0	0	0	0	0	0	0	0	0	0	0	0	0	0	0	0	0	0	0	0	0	3	0	0	0	0	0	0	0	0	0	0	0	0	0	0	0	0	1	0	1	0	0	0	0	0	0	0	0
gene_3043049	4	3	3	2	1	2	1	0	1	1	13	2	2	1	3	4	0	5	2	0	10	6	0	2	7	3	13	0	1	2	11	7	4	7	5	10	4	2	2	4	5	7	0	3	1	3	19	18	4	0	10	3	5	31	2	1	5	16	19	5	8	7	3	6	8	3	2	7	7	5	2	7	3	0	12	3	3	6	8	6	1	5	7	0	3	8	1	3	3	4	9	3
gene_307476	0	0	0	0	0	0	0	0	0	0	0	0	0	0	0	0	0	0	0	0	0	0	0	0	0	0	0	0	0	0	0	0	0	0	0	0	0	0	0	0	0	0	0	0	0	0	0	6	0	0	0	0	0	0	0	0	0	0	0	0	0	8	0	0	1	0	0	0	0	15	0	0	7	0	17	0	0	0	8	0	0	10	9	4	2	2	1	112	6	0	26	3
gene_3078041	0	0	0	0	1	0	0	0	0	0	0	0	0	0	0	0	0	0	0	0	0	1	0	1	0	0	0	0	0	1	0	0	0	0	0	1	0	0	0	0	0	0	0	0	0	0	0	0	0	0	49	0	0	1	0	0	0	0	0	6	0	0	0	0	0	0	0	0	0	0	0	0	0	0	0	0	0	0	0	0	0	0	4	2	0	0	1	0	0	0	2	0
gene_3081600	0	0	0	0	0	0	0	0	0	0	0	0	0	0	0	0	0	0	0	0	0	0	0	0	0	0	0	0	0	0	0	0	0	0	4	0	0	3	0	0	0	0	0	0	0	0	0	0	0	0	0	0	0	0	0	0	0	0	0	0	0	0	0	0	0	0	0	0	2	0	0	0	0	0	0	0	0	0	0	0	0	0	0	0	0	0	0	0	0	0	0	0
gene_3083555	13	1	0	1	6	0	0	6	2	4	7	7	29	2	8	0	7	29	7	1	0	21	1	7	5	7	2	0	13	4	0	1	3	1	0	0	6	0	0	2	0	4	0	0	0	6	0	11	0	0	31	1	2	1	6	1	1	11	3	3	2	1	0	0	1	0	0	1	1	1	1	3	1	0	4	1	2	5	1	2	0	0	3	34	2	22	1	5	7	4	4	2
gene_3098561	2	0	2	0	2	0	0	0	0	2	2	1	0	0	1	0	0	0	0	1	0	1	0	1	0	0	0	0	4	0	0	0	0	0	0	0	0	0	0	0	0	0	0	0	0	0	0	0	0	0	0	0	0	0	1	0	0	0	0	0	0	0	0	0	0	0	0	0	0	0	0	1	0	0	1	0	0	0	0	0	0	0	0	1	0	0	0	0	0	0	0	0
gene_3107247	7	0	2	0	1	0	0	2	0	0	0	0	0	0	0	0	0	0	0	0	0	0	0	0	0	0	0	0	0	0	1	0	0	0	0	0	0	1	0	1	0	0	0	0	0	0	0	0	0	0	0	0	0	0	0	0	0	0	0	0	0	1	0	0	2	0	1	3	1	0	0	0	0	0	1	0	0	0	0	0	0	0	0	0	0	0	0	0	0	0	0	0
gene_3111686	0	0	0	0	0	0	0	0	0	0	0	0	0	0	0	0	0	0	0	0	0	0	0	0	0	2	0	0	0	0	0	0	0	0	0	0	0	0	0	0	0	2	0	0	0	0	0	0	0	0	0	0	0	0	0	0	0	0	0	0	0	5	0	4	0	0	1	0	0	2	0	3	0	1	3	0	1	0	6	0	0	0	3	0	0	1	1	0	0	0	1	0
gene_3117884	4	0	0	0	0	0	0	1	0	0	1	0	1	0	0	0	1	0	0	0	0	7	0	3	0	0	1	0	1	0	0	0	0	0	0	0	0	0	0	0	0	1	0	0	0	0	0	1	0	0	0	0	0	0	1	0	0	0	0	0	0	0	0	0	0	0	0	0	1	0	0	0	0	0	0	0	0	0	0	0	0	0	0	0	0	0	0	0	0	0	1	1
gene_3121359	3	1	1	0	0	1	0	2	0	2	0	0	0	0	1	0	0	1	1	1	1	5	1	2	0	0	0	0	0	3	0	0	0	0	0	0	0	0	0	0	0	0	0	0	0	0	1	1	0	0	0	0	0	0	0	0	0	0	0	0	0	0	0	0	0	0	0	0	0	0	0	0	0	0	0	0	0	0	0	0	0	0	0	1	0	0	0	0	0	0	2	1
gene_3123235	2	0	0	0	0	0	0	0	0	0	0	1	0	0	0	0	0	0	0	0	0	0	0	0	0	0	0	0	0	0	0	0	0	0	0	0	0	0	0	0	0	0	0	0	0	0	0	0	0	0	15	0	0	1	0	0	0	0	0	0	0	0	0	0	0	0	0	0	0	0	0	0	0	0	0	0	0	0	0	0	0	0	0	0	0	0	0	0	0	0	0	0
gene_3127947	0	1	0	0	4	0	0	0	0	0	0	0	7	0	0	0	0	0	0	0	0	0	0	1	0	1	0	0	3	0	0	0	0	0	0	1	0	0	0	0	0	0	0	0	0	0	0	0	0	0	1	0	0	0	0	0	0	0	0	0	0	0	0	0	0	0	0	0	0	0	0	0	1	0	0	0	0	0	0	0	0	0	0	2	0	0	0	1	0	0	0	0
gene_3137248	0	0	0	0	0	0	0	0	0	0	0	0	0	0	0	0	0	0	0	1	0	0	0	0	0	0	1	0	0	0	1	0	0	0	0	0	1	0	0	1	0	5	2	0	0	0	0	0	0	2	0	0	0	3	1	0	0	0	0	0	0	0	0	0	0	0	0	1	0	0	0	1	0	0	0	0	0	0	1	0	0	3	0	0	0	0	0	0	0	1	0	0
gene_3139583	343	276	145	168	91	229	185	77	175	158	134	63	156	307	203	313	342	232	187	127	625	578	338	354	173	506	251	2	507	206	201	334	193	201	229	158	276	151	251	260	357	230	195	174	336	170	404	427	246	128	180	258	350	344	231	184	315	492	308	339	109	101	152	147	201	180	178	190	154	177	31	224	114	105	404	115	162	156	238	252	179	195	282	219	139	233	69	122	172	249	179	308
gene_3139584	30	14	8	7	6	18	6	9	18	14	12	1	6	14	7	22	16	14	2	9	25	42	5	15	4	35	12	0	13	2	13	22	5	8	8	6	14	6	19	11	26	20	9	3	20	7	60	31	21	6	15	4	9	49	11	12	14	20	17	9	14	19	20	29	40	25	42	31	19	10	2	43	14	10	50	10	19	27	18	37	20	43	24	17	8	29	10	13	19	21	22	27
gene_31411	24	28	9	48	13	12	13	0	28	42	0	0	0	4	1	0	0	23	0	47	0	0	0	62	0	0	0	0	0	1	6	22	9	7	25	3	48	0	6	1	0	95	12	9	3	29	0	1	2	54	42	0	0	0	3	13	2	0	0	2	4	0	0	0	0	0	0	0	0	0	0	21	0	0	1	16	0	6	2	12	0	16	0	0	1	0	0	0	0	0	0	2
gene_3180381	0	0	1	0	0	0	0	0	0	0	0	0	0	0	0	0	0	0	0	0	0	0	0	0	4	0	0	0	0	0	0	0	0	0	0	0	1	0	0	0	0	0	0	0	0	0	2	1	0	0	0	0	0	0	5	0	0	0	0	0	3	0	0	4	0	0	1	0	0	0	3	0	3	0	2	0	0	2	1	0	2	0	2	0	0	1	1	5	0	0	3	2
gene_3184100	0	0	0	0	1	0	0	0	0	1	0	0	0	0	1	0	0	3	0	0	0	0	0	0	0	0	0	0	0	0	0	0	0	0	0	0	0	0	0	0	0	1	0	0	0	0	0	0	0	0	0	0	0	0	0	0	0	0	0	0	0	0	0	0	0	0	0	0	0	0	0	0	0	0	0	0	0	0	0	0	0	0	0	0	0	0	0	0	0	0	0	0
gene_3184101	3	0	0	0	0	0	0	0	0	0	2	1	0	0	1	0	0	1	1	0	0	3	0	0	0	1	0	0	1	1	0	0	0	0	0	0	1	0	2	0	0	0	0	0	0	0	0	3	0	0	1	0	0	2	0	0	2	0	2	0	1	0	0	0	0	0	0	0	0	0	0	0	0	0	4	0	0	0	0	0	0	0	0	10	0	7	0	2	2	0	3	0
gene_3188877	2	0	0	0	0	0	0	0	0	0	0	0	0	0	0	0	0	0	0	0	0	0	0	1	0	0	0	0	0	1	0	0	0	0	0	0	0	0	0	0	0	0	0	0	0	0	0	0	0	0	4	0	0	0	0	0	0	0	0	0	0	0	0	0	0	0	0	0	0	0	0	0	0	0	0	0	0	0	0	0	0	0	0	0	0	0	0	0	0	0	0	0
gene_3189918	1	0	0	0	0	0	0	0	0	0	0	0	0	0	0	0	0	0	0	0	0	0	0	0	0	1	0	0	0	0	0	0	0	0	0	0	0	0	0	0	0	0	0	0	0	0	0	0	0	0	9	0	0	0	0	0	0	0	0	0	0	0	0	0	0	0	0	0	0	0	0	0	0	0	0	0	0	0	0	0	0	0	0	0	0	0	0	0	0	0	0	0
gene_3191022	0	0	0	0	0	0	0	0	0	0	0	0	0	0	0	0	0	0	0	0	0	0	0	0	0	0	0	0	0	0	0	0	0	0	0	0	0	0	0	0	0	0	0	0	0	0	0	0	0	0	0	0	0	0	0	0	0	0	0	0	0	1	0	0	0	0	0	0	0	0	0	0	0	0	1	0	0	0	0	0	0	0	0	0	0	0	0	0	0	0	0	0
gene_3208956	2	0	1	0	0	0	0	1	0	2	0	0	0	0	0	0	0	2	0	1	0	5	2	3	0	0	0	0	4	2	0	0	0	0	0	0	0	0	0	0	0	2	0	0	0	0	0	0	0	0	1	0	0	0	0	0	0	0	0	0	0	0	0	0	0	0	0	0	0	0	0	0	0	0	0	0	0	0	0	0	0	0	0	0	0	0	0	0	0	1	0	0
gene_3213955	0	0	0	0	0	0	0	0	0	0	0	0	0	1	0	0	0	1	0	0	0	0	0	6	2	0	0	0	0	2	3	3	0	1	1	1	3	1	13	3	0	32	0	0	0	0	0	0	0	4	1	2	0	0	0	0	0	0	0	1	19	9	3	1	8	8	2	10	4	0	16	59	33	21	49	4	19	12	51	32	0	17	5	4	0	2	0	0	0	19	0	0
gene_3218812	0	0	0	0	0	0	0	0	0	0	0	0	0	0	0	0	0	0	0	0	0	0	0	0	0	0	0	0	0	0	0	0	0	0	0	0	0	0	0	0	0	0	0	0	0	0	0	0	0	0	4	0	0	0	0	0	0	0	0	0	0	0	0	0	0	0	0	0	0	0	0	0	0	0	0	0	0	0	0	0	0	0	0	0	0	0	0	0	0	0	0	0
gene_3234009	0	0	0	0	0	0	0	0	0	1	0	0	0	1	0	0	0	0	0	0	0	0	0	0	0	0	0	0	0	0	0	8	0	0	0	0	0	0	0	0	0	0	0	0	0	0	0	0	0	0	0	0	0	0	0	0	0	0	0	0	2	0	1	11	0	0	0	1	2	0	0	0	0	0	0	0	0	0	0	0	0	0	0	0	0	0	0	0	0	0	0	0
gene_3245738	1	1	5	0	0	1	0	1	1	2	0	0	0	0	0	0	2	1	1	0	0	0	0	2	0	0	0	0	0	0	0	0	0	0	0	0	0	0	0	0	0	0	0	0	0	0	0	0	0	0	0	0	0	0	0	0	0	0	0	0	0	0	0	0	0	0	0	0	0	0	0	1	0	0	0	0	0	0	0	0	0	0	0	0	0	1	0	0	0	0	0	0
gene_3257461	1	1	0	0	0	0	0	0	0	0	2	1	0	0	2	0	1	4	1	1	0	0	3	2	0	0	0	0	7	0	0	0	0	1	0	0	2	0	0	0	1	2	0	0	0	0	0	4	0	0	2	0	1	2	1	0	0	0	0	1	1	0	0	0	0	0	0	0	1	1	0	0	0	0	2	0	0	0	0	0	0	0	2	10	1	7	1	3	2	0	1	1
gene_3260134	0	0	0	0	0	0	0	0	0	0	0	0	0	0	0	0	0	0	0	0	0	0	0	0	0	0	0	0	0	0	0	0	0	0	0	0	0	0	1	0	0	0	0	0	0	0	0	0	0	1	3	1	0	0	2	0	2	3	1	0	0	0	0	0	0	0	0	0	0	0	0	0	0	0	0	0	0	0	0	0	1	0	1	0	0	0	0	1	0	0	1	1
gene_3276438	0	0	0	0	1	0	0	3	0	0	0	1	0	0	0	0	0	0	0	0	2	0	0	0	0	2	2	0	1	1	0	0	0	0	0	0	0	0	0	0	0	0	0	0	0	0	0	0	0	0	1	0	0	0	0	0	0	0	0	0	0	0	0	0	0	0	0	0	0	0	0	0	0	0	0	0	0	0	0	0	0	0	0	0	0	1	0	0	0	0	0	0
gene_3278600	0	0	0	0	0	0	0	0	0	0	0	0	0	0	0	0	0	0	0	0	0	0	0	0	0	0	0	0	0	0	0	1	3	0	0	0	3	0	0	0	0	3	0	0	1	0	0	0	0	0	0	0	0	0	0	0	0	0	0	0	1	0	2	1	6	2	12	0	4	0	0	2	0	0	0	0	0	0	1	0	0	0	0	0	0	0	0	0	0	0	0	0
gene_3294534	0	0	0	0	0	0	0	0	0	1	0	1	0	0	0	0	0	1	0	1	0	0	0	2	0	0	1	0	7	0	0	0	0	0	0	0	0	0	0	0	0	0	0	0	0	0	0	0	0	0	0	0	0	0	1	0	0	0	0	0	0	0	0	0	0	0	0	0	0	0	0	0	0	0	1	0	0	0	0	0	0	0	0	0	0	0	0	1	0	0	0	0
gene_3296739	16	4	0	0	1	0	0	5	1	0	3	1	3	0	4	0	1	10	4	1	3	12	5	15	0	4	1	1	5	0	0	0	0	0	3	0	5	0	0	4	8	7	2	0	1	4	0	3	0	0	12	1	2	4	1	1	0	1	0	1	6	2	1	3	4	1	0	0	5	1	0	1	0	1	7	1	0	0	0	0	0	0	5	36	0	20	0	1	0	2	2	1
gene_3301552	1	0	0	0	1	0	0	3	0	0	0	0	0	0	0	0	0	2	1	0	0	0	0	0	0	0	0	0	1	0	0	0	0	0	0	0	1	0	0	0	1	1	0	0	0	3	0	0	0	0	24	0	0	0	0	0	0	0	0	1	0	0	0	0	0	0	0	0	0	0	0	0	0	0	0	0	0	0	0	0	0	1	0	6	0	0	0	0	0	0	0	0
gene_330999	13	0	1	0	0	1	0	2	2	1	0	0	0	0	1	0	1	1	0	2	0	1	0	1	0	0	0	0	0	0	0	0	0	0	1	0	0	0	0	3	0	0	0	0	0	0	0	0	0	0	0	0	0	0	0	0	0	0	0	0	0	0	0	0	0	0	0	0	0	0	0	0	0	0	0	0	0	0	0	0	0	0	0	0	0	0	0	0	0	0	0	0
gene_3331569	10	4	0	0	2	0	0	4	0	2	3	1	16	0	7	0	3	10	9	2	1	13	6	17	0	5	0	0	8	4	0	0	0	2	1	0	2	0	0	1	0	0	0	2	0	1	0	8	1	0	10	1	0	0	1	2	2	3	2	2	1	0	1	0	0	0	0	0	4	2	0	0	2	0	8	0	0	1	0	0	0	0	7	24	0	13	1	3	3	3	5	3
gene_3335434	1	1	0	0	0	0	0	0	0	0	1	1	1	0	0	0	0	0	1	0	1	3	0	1	0	0	0	0	0	0	0	0	0	0	0	0	0	0	0	0	0	0	0	1	0	0	0	0	0	0	25	0	0	0	1	0	0	1	0	6	0	0	0	0	0	0	0	0	0	0	0	0	1	0	0	0	0	0	0	0	0	0	0	2	0	0	0	0	0	0	0	0
gene_3350018	2	1	0	0	2	0	0	4	0	1	0	0	8	0	0	0	1	3	4	0	0	0	0	4	1	2	0	0	1	0	0	1	0	0	0	0	0	0	1	0	0	0	0	0	0	0	0	2	0	0	1	0	0	0	0	0	0	2	0	1	0	0	0	0	0	0	0	1	0	0	0	0	0	0	2	0	0	0	0	0	0	0	0	1	0	2	0	0	0	0	0	1
gene_3360374	0	0	0	0	0	0	0	0	0	0	0	0	0	0	0	0	0	0	0	0	0	0	0	0	0	0	0	0	0	0	0	0	0	0	0	0	0	0	0	0	0	0	0	0	0	0	0	0	0	0	3	0	0	0	0	0	0	0	0	0	0	0	0	0	0	0	0	0	0	0	0	0	0	0	0	0	0	0	0	0	0	0	0	0	0	0	0	0	0	0	0	0
gene_3368809	74	21	20	2	26	3	2	44	4	29	35	27	34	3	14	2	9	76	23	24	11	35	18	46	5	21	10	2	44	37	0	2	3	0	1	1	2	0	0	1	1	4	2	0	0	3	1	5	2	2	81	2	2	4	0	1	0	2	4	8	0	1	2	0	1	2	0	1	2	1	0	1	2	1	10	2	0	1	0	0	0	0	8	22	0	12	0	1	3	0	2	0
gene_3380511	1	2	2	0	1	11	5	0	3	2	1	0	0	0	1	1	12	0	0	2	3	8	0	1	0	7	8	0	0	0	0	10	4	1	2	10	4	2	6	4	9	0	10	3	15	4	10	10	5	0	1	11	3	19	1	6	1	16	6	15	10	4	3	10	3	5	9	2	3	2	4	4	5	5	2	0	1	0	0	1	13	5	5	9	5	3	8	20	12	3	4	5
gene_3380518	98	29	14	0	25	6	0	74	2	39	56	29	19	3	23	2	5	64	21	24	15	47	10	39	4	26	14	1	41	33	0	0	0	0	0	0	0	0	0	1	1	0	0	0	0	0	0	0	1	3	41	0	0	0	1	0	2	2	3	1	0	0	3	0	1	1	0	1	0	0	0	0	4	0	3	1	1	0	0	0	0	0	1	8	0	3	2	0	1	0	0	1
gene_3413414	0	0	0	0	0	0	0	1	0	0	0	0	0	0	0	0	0	1	0	0	0	0	0	0	0	0	0	0	0	0	0	0	0	0	0	0	0	0	0	0	0	0	0	0	0	1	0	0	0	0	25	1	0	0	0	0	0	0	0	2	0	0	0	0	1	0	0	0	0	0	0	0	0	0	0	0	0	0	0	0	0	0	0	0	0	0	0	0	0	0	0	0
gene_3414021	0	0	0	0	0	0	0	1	1	1	0	0	0	0	0	0	0	2	0	0	2	0	0	0	0	1	0	0	1	0	0	0	0	1	0	0	0	0	0	0	0	0	1	0	0	0	0	0	0	0	0	0	0	0	0	0	0	0	0	0	0	0	0	0	0	0	0	0	0	0	0	0	0	0	0	0	0	0	0	0	0	0	1	0	0	0	0	0	0	0	2	0
gene_3444040	10	7	1	0	5	2	0	3	1	1	0	0	23	1	9	1	3	10	7	1	1	8	0	16	0	3	0	0	10	0	0	0	0	1	0	0	0	0	0	0	1	2	1	0	0	0	2	8	0	0	1	0	1	0	0	1	0	0	0	0	0	0	1	1	0	0	0	0	1	0	0	0	1	0	3	0	0	3	0	0	0	0	2	5	1	15	0	0	2	1	0	0
gene_3450763	0	0	0	0	0	0	0	0	0	0	1	0	1	0	2	0	0	1	0	0	0	5	0	0	0	1	0	0	0	1	0	0	0	0	1	0	0	0	0	0	0	0	0	1	0	0	0	0	0	0	35	3	0	0	0	0	0	1	0	5	0	0	0	0	0	0	0	0	0	0	0	0	0	0	1	0	0	0	0	0	0	0	2	6	0	0	0	0	0	0	0	2
gene_3472734	1	0	0	0	1	0	0	1	0	0	1	0	1	0	0	0	0	0	0	1	0	0	0	0	0	2	0	0	5	0	0	0	0	0	0	0	0	0	0	0	1	1	2	0	0	2	0	3	0	0	3	0	0	0	0	0	0	1	0	0	1	0	0	0	1	0	0	0	2	0	0	0	1	0	4	0	0	0	0	0	0	0	3	10	0	13	0	1	3	0	2	4
gene_3474397	2	0	0	0	6	0	0	0	1	0	0	0	3	0	0	0	0	0	0	1	0	1	0	1	0	2	0	0	3	1	0	0	0	0	0	0	0	0	0	0	0	0	0	0	0	0	1	1	0	0	0	0	0	0	0	0	1	2	0	0	0	0	0	0	0	0	0	0	1	0	0	0	0	0	5	0	0	0	0	0	0	0	2	4	0	5	0	2	3	1	2	0
gene_3475476	0	0	0	0	0	0	0	0	0	0	0	0	0	0	1	0	0	0	0	0	0	0	0	0	0	0	0	0	0	0	0	0	0	0	0	0	0	0	0	0	0	0	0	0	0	0	0	0	0	0	13	0	0	1	0	0	0	1	0	4	0	0	0	0	0	0	0	0	0	0	0	0	0	0	0	0	0	0	0	0	0	0	3	3	0	0	0	0	0	0	0	0
gene_347574	206	56	31	2	75	8	1	144	5	61	119	72	73	9	67	10	27	199	67	44	22	145	37	148	11	59	24	3	115	116	0	0	0	1	3	2	9	0	1	5	2	5	3	2	0	16	3	10	1	4	167	2	4	3	8	1	7	15	4	18	1	1	6	2	0	1	0	2	5	1	1	3	7	0	8	0	0	2	0	0	0	0	11	43	3	18	0	3	4	1	9	4
gene_3513	0	0	0	0	0	0	0	0	0	0	0	0	0	0	0	0	0	0	0	0	0	0	0	0	0	0	0	0	0	0	0	0	0	0	0	0	0	0	0	0	0	0	0	0	0	0	0	0	0	0	0	0	0	0	0	0	0	0	0	0	2026	17	1	2	106	0	143	1053	1	0	0	0	0	0	0	0	0	0	0	0	0	0	0	0	0	0	0	0	0	0	0	0
gene_3513119	1	0	0	0	0	0	0	0	0	0	0	0	0	0	0	0	0	0	1	0	0	0	0	0	0	0	0	0	1	0	0	0	0	0	0	0	0	0	0	0	1	1	0	0	0	0	0	0	0	0	23	1	0	2	1	0	0	0	0	1	0	0	0	0	0	0	0	0	0	0	0	0	0	0	0	0	0	0	0	0	0	0	0	1	0	0	0	0	0	0	0	0
gene_3523042	1	2	0	0	0	0	0	0	0	0	6	4	2	0	4	0	1	6	0	0	1	5	1	1	0	1	0	0	2	3	0	0	0	0	0	0	1	0	0	2	1	0	0	0	0	4	0	0	0	0	2	1	0	1	0	0	0	0	0	3	0	0	1	0	0	0	0	0	0	0	0	0	1	1	2	0	0	0	0	1	0	0	1	12	1	13	0	2	2	0	0	0
gene_3526224	1	0	0	0	0	0	0	0	0	0	0	0	0	0	0	0	0	0	0	0	0	0	0	0	0	0	0	0	0	0	0	0	0	0	0	0	0	0	0	0	0	0	0	0	0	0	0	0	0	0	6	0	0	0	0	0	0	0	0	0	0	0	0	0	0	0	0	0	0	0	0	0	0	0	0	0	0	0	0	0	0	0	0	0	0	0	0	0	0	0	0	0
gene_3539239	4	1	1	0	2	0	0	0	0	1	0	1	6	0	3	0	0	4	2	0	1	5	1	4	2	0	0	0	3	0	0	0	0	2	0	0	0	0	0	0	0	0	0	1	0	4	0	1	0	0	15	1	0	0	0	0	0	1	0	3	0	0	0	2	0	0	0	1	1	1	0	1	1	0	0	0	0	0	1	0	0	0	3	4	1	4	0	0	0	0	1	1
gene_3542132	4	0	0	1	0	0	0	1	0	0	0	0	0	0	1	0	0	1	0	0	0	0	0	0	0	0	0	0	0	0	0	1	1	1	0	0	2	0	0	1	5	2	4	2	2	3	0	6	2	2	8	0	0	5	8	2	8	7	9	5	9	4	1	0	0	4	4	13	10	5	0	2	0	1	10	5	0	5	1	2	1	0	4	11	1	2	0	2	0	6	2	2
gene_3558816	153	75	46	60	83	64	31	46	57	46	93	30	38	134	130	151	112	59	23	48	203	130	107	66	94	190	158	4	86	54	111	121	74	94	72	111	65	41	63	73	116	74	55	57	123	55	107	93	67	31	61	114	39	207	117	94	79	133	147	105	62	40	54	59	57	45	38	52	55	36	10	55	52	32	86	30	45	56	66	52	34	40	70	54	23	99	26	46	85	37	47	69
gene_3577101	157	171	155	213	84	78	42	109	98	46	27	35	28	170	111	351	184	32	4	62	19	62	35	57	59	50	150	0	106	17	70	79	253	226	90	140	187	84	89	95	168	49	112	116	114	193	273	300	169	80	80	112	88	891	231	72	111	330	452	140	226	140	202	199	95	112	154	145	183	143	56	280	115	86	231	36	67	110	108	127	151	163	75	205	230	327	100	173	221	115	158	128
gene_3577271	11	4	41	3	5	15	4	3	34	6	2	0	1	2	2	4	5	0	0	2	0	12	0	0	10	10	14	0	2	1	9	14	7	2	11	10	12	4	7	1	6	9	12	3	5	5	22	15	2	15	3	10	5	9	1	10	2	15	3	11	20	14	20	12	17	13	19	17	11	7	4	31	7	7	20	10	2	6	18	10	22	18	18	5	6	26	11	12	9	5	9	6
gene_3579571	0	0	0	0	0	0	0	0	0	0	0	0	0	0	0	0	0	0	0	0	0	0	0	0	0	0	0	0	0	0	0	0	0	0	0	0	0	0	0	0	0	0	1	0	0	1	0	0	0	0	3	0	0	0	1	0	0	0	1	1	0	0	0	0	0	0	0	0	0	0	0	0	0	0	0	0	0	0	0	0	0	0	0	2	0	0	0	0	0	0	0	0
gene_3585992	19	5	0	0	0	0	1	15	0	0	0	0	2	1	2	0	0	7	0	5	0	2	0	0	0	1	0	0	0	0	0	3	5	2	3	1	2	1	0	3	6	4	5	1	9	2	2	8	1	6	18	10	1	20	12	6	19	20	12	2	4	5	3	2	2	1	4	241	16	8	0	5	1	0	21	2	3	2	2	6	1	1	4	27	2	6	0	1	5	2	10	6
gene_3602763	0	1	0	0	0	0	0	0	0	0	0	1	2	0	1	0	0	1	1	0	1	0	2	4	0	1	0	0	0	1	0	0	0	0	1	0	0	0	0	0	0	0	0	0	0	4	0	0	0	0	1	0	0	1	0	0	0	2	0	0	0	0	0	0	0	0	0	0	0	0	0	0	0	0	3	0	2	0	0	0	0	0	1	8	0	6	0	0	0	0	1	0
gene_3603401	0	0	0	0	0	0	0	0	0	0	0	0	0	0	1	0	0	0	0	0	0	0	0	0	0	0	0	0	1	0	0	0	0	0	0	0	0	0	0	0	0	0	0	0	0	0	0	0	0	1	2	0	0	0	0	0	0	1	0	0	0	0	0	0	0	0	0	0	0	0	0	0	0	0	0	0	0	0	0	0	0	0	0	0	0	0	0	0	0	0	0	0
gene_3606030	0	0	0	0	0	0	0	0	0	0	0	0	0	0	0	0	0	0	0	0	0	0	0	0	0	0	0	0	0	0	0	0	0	0	0	0	0	0	0	0	0	0	0	0	0	1	0	0	0	0	9	0	0	0	0	1	0	0	0	1	0	0	1	0	0	0	0	0	0	0	0	0	0	0	2	0	0	0	0	0	0	0	1	1	0	0	0	0	0	0	0	0
gene_3615335	4	3	1	0	5	0	0	1	0	1	2	0	9	0	1	0	0	10	8	1	0	1	2	5	0	2	0	0	4	0	0	0	1	1	0	0	0	0	0	0	1	0	1	0	0	1	0	1	1	1	15	1	0	0	0	0	0	0	2	1	1	0	1	0	0	0	0	0	2	0	0	1	2	1	5	0	0	1	0	0	0	0	3	4	1	4	0	0	1	2	1	2
gene_3617004	2	0	0	0	0	0	0	0	0	0	3	2	0	0	4	1	2	2	0	2	1	6	0	3	0	4	1	0	2	7	0	1	0	0	0	0	2	0	0	0	1	0	0	0	0	4	0	3	0	0	7	0	0	1	0	0	0	0	0	0	0	0	0	0	0	1	0	0	0	0	0	1	0	1	2	0	0	0	1	0	0	0	6	23	0	7	0	1	3	1	3	1
gene_3628040	0	0	0	0	0	0	0	0	0	0	0	0	1	0	0	0	0	0	0	0	0	0	0	0	0	0	0	0	0	0	0	0	0	0	0	0	0	0	0	0	0	1	0	0	0	0	0	0	0	0	0	0	0	0	0	0	0	0	0	0	0	1	0	0	0	0	0	0	0	0	0	0	0	0	0	0	0	0	0	0	0	0	0	0	0	0	0	0	0	0	0	0
gene_3641913	0	0	0	0	0	0	0	0	0	0	0	0	0	0	0	0	0	0	0	0	0	0	0	0	0	0	0	0	0	0	0	0	0	0	0	0	0	0	0	0	0	0	0	0	0	0	0	0	0	0	0	0	0	0	0	0	0	0	0	0	7	2	1	0	1	0	1	7	0	0	0	0	0	0	0	0	0	1	0	0	1	0	0	0	0	0	1	0	0	0	0	2
gene_3646435	5	2	1	0	0	0	0	0	0	0	0	1	0	0	0	0	0	0	0	1	0	0	0	0	0	0	0	0	0	0	0	0	0	0	0	0	0	0	0	0	0	0	0	0	0	0	0	0	0	0	9	0	0	0	0	0	0	0	0	0	0	0	0	0	0	0	0	0	1	0	0	0	0	0	1	0	0	0	0	0	0	0	0	0	0	1	0	0	0	0	0	0
gene_3657346	12	11	10	3	4	0	1	7	2	1	0	0	0	0	4	0	1	2	0	7	0	1	0	0	0	1	0	0	0	0	20	8	1	2	0	6	16	6	0	7	5	16	4	0	29	11	15	5	6	4	25	13	0	25	52	3	15	11	9	5	18	19	3	3	7	2	2	7	29	7	0	6	0	2	16	4	5	9	18	0	6	3	7	8	3	21	0	6	16	4	1	4
gene_3674377	9	0	1	0	0	0	0	0	0	0	6	0	1	1	1	0	0	2	1	0	1	6	1	3	0	0	1	0	3	0	1	0	0	0	0	0	0	0	0	0	0	0	0	0	0	1	0	2	0	0	4	0	0	2	1	1	2	0	0	0	0	0	0	0	0	0	0	0	0	0	1	0	0	0	1	0	0	0	0	0	0	0	3	12	0	0	0	0	0	0	0	0
gene_3675973	0	0	0	0	0	0	0	0	0	0	0	0	0	0	0	0	0	0	0	0	0	0	0	0	0	0	0	0	0	0	0	0	0	0	0	0	0	0	0	0	0	0	0	0	0	0	0	0	0	0	0	0	0	0	0	0	0	0	0	0	0	0	0	0	0	0	0	0	0	0	0	0	0	0	0	0	0	0	0	0	0	0	0	0	0	0	0	0	0	0	0	0
gene_3679618	0	0	0	0	0	0	0	0	0	0	0	0	1	0	0	0	0	0	0	0	0	0	0	0	0	0	0	0	0	0	0	0	0	0	0	0	0	0	0	0	0	0	0	0	0	1	0	0	0	0	15	0	0	0	0	0	0	0	0	3	0	0	0	0	0	0	0	0	0	0	0	0	0	0	0	0	0	0	0	0	0	0	0	0	0	1	0	0	0	0	0	0
gene_3682586	0	0	0	0	0	0	0	0	0	1	0	0	0	0	0	0	0	0	0	0	0	3	0	0	0	1	0	0	0	0	0	0	0	0	0	0	0	0	0	0	0	0	0	0	0	0	0	0	0	0	2	0	0	0	0	0	0	0	0	0	0	0	0	0	0	0	0	0	0	0	0	0	0	0	0	0	0	0	0	0	0	0	0	0	0	0	0	0	0	0	0	0
gene_3689789	84	82	46	39	18	66	45	93	49	134	97	22	59	104	148	118	127	72	13	74	207	181	98	47	74	114	95	1	51	12	46	159	64	59	76	81	70	51	68	94	111	95	67	70	169	65	112	121	61	19	48	146	103	160	88	77	138	151	118	119	125	182	188	143	185	82	69	172	102	47	26	168	77	79	278	47	41	159	144	93	84	103	101	63	43	102	30	36	75	93	72	45
gene_3716045	1	0	0	0	0	0	0	1	0	0	0	0	0	0	0	0	0	0	0	0	0	0	0	0	0	0	0	0	1	0	0	0	0	0	0	0	0	0	0	0	0	0	0	0	0	0	0	4	0	0	4	0	0	0	0	0	0	0	0	0	0	0	0	0	1	0	0	0	1	0	0	0	0	0	1	0	0	0	0	0	0	0	0	2	0	1	0	0	0	0	0	0
gene_3718395	1	0	0	0	0	0	0	0	0	0	0	0	2	0	0	0	0	3	0	0	2	1	1	2	0	1	0	0	1	1	0	0	0	0	0	0	2	0	0	0	0	1	0	0	0	0	0	0	0	0	0	0	0	0	0	0	2	1	0	0	0	0	0	0	0	0	0	0	0	0	0	0	0	0	0	0	0	0	0	0	0	0	1	3	0	0	0	0	0	0	0	0
gene_3725681	0	0	0	0	0	0	0	0	0	0	0	0	0	0	0	0	0	0	0	0	0	2	0	0	0	0	0	0	1	0	0	0	0	0	0	0	0	0	0	0	0	0	0	0	0	0	0	0	0	0	4	1	0	0	0	0	0	0	0	0	0	0	0	0	0	0	0	0	0	0	0	0	0	0	0	0	0	0	0	0	0	0	0	1	0	0	0	1	0	0	0	0
gene_3747664	18	16	3	0	16	4	0	15	2	11	19	6	13	0	8	0	4	26	12	8	4	14	8	25	0	5	1	0	15	15	0	1	0	0	0	0	0	0	0	0	0	1	0	0	0	4	0	0	1	0	18	1	0	0	2	0	0	2	1	1	0	0	0	0	0	2	0	0	0	0	0	0	0	0	1	0	0	0	0	1	0	0	3	14	3	10	0	3	2	0	1	1
gene_3761681	0	0	1	0	0	0	0	0	0	0	0	0	0	0	1	0	0	0	0	0	0	0	0	0	0	1	0	0	0	0	0	0	0	0	0	0	0	0	0	0	0	0	0	0	0	0	0	0	0	0	10	0	0	0	0	0	0	0	0	0	0	0	0	0	0	0	0	0	0	0	0	0	0	0	0	0	0	0	0	0	0	0	1	0	0	0	0	0	0	0	0	0
gene_3763846	2	0	0	0	0	0	0	0	0	0	0	0	0	0	0	0	0	0	0	0	0	0	0	1	0	0	0	0	0	0	0	0	0	0	0	0	0	0	0	0	0	0	0	0	0	0	0	0	0	0	10	0	0	0	0	0	0	0	0	0	0	0	0	0	0	0	0	0	0	0	0	0	0	0	0	0	0	0	0	0	0	0	0	0	0	0	0	0	0	0	0	0
gene_3767757	0	0	0	0	0	0	0	0	0	0	0	0	0	0	0	0	0	1	0	0	0	3	0	1	0	0	0	0	0	1	0	0	0	0	0	0	1	0	0	0	0	0	0	0	0	0	0	0	0	0	0	0	0	0	0	0	0	0	0	0	0	0	0	0	0	0	0	0	0	0	0	0	0	0	0	0	0	0	0	0	0	0	0	0	0	0	0	0	0	0	0	0
gene_3776400	15	18	9	26	63	25	4	15	12	9	48	22	2	4	8	26	24	4	2	34	21	19	17	173	9	50	13	0	13	140	6	18	12	10	7	9	15	10	10	9	30	33	14	31	12	9	53	11	21	49	10	20	8	21	20	25	17	22	11	14	13	8	24	7	6	10	11	25	19	14	1	19	16	4	31	10	14	12	27	17	14	11	11	16	9	14	6	10	31	15	15	12
gene_3780737	0	0	0	0	0	0	0	0	1	0	0	0	0	0	0	0	0	0	0	0	0	0	0	0	0	0	0	0	0	0	0	0	0	0	0	0	0	0	0	0	0	0	0	0	0	0	0	0	0	0	0	0	0	0	0	0	0	0	0	0	0	0	0	0	0	0	0	5	0	0	0	0	0	0	0	0	0	0	0	1	0	0	0	0	0	0	0	0	0	0	0	0
gene_3805356	7	1	0	2	2	1	1	6	3	1	2	0	0	0	3	0	0	4	0	4	1	0	0	0	0	2	0	0	0	0	23	9	0	0	2	5	8	2	0	4	4	4	4	4	13	14	8	1	1	1	74	5	0	6	14	0	2	6	2	9	7	9	2	0	4	0	1	4	16	3	0	3	1	0	7	5	1	1	5	1	1	2	1	13	1	18	0	1	5	4	5	0
gene_3807506	12	9	4	5	0	1	0	2	0	4	2	2	1	3	4	21	2	3	0	5	0	4	2	1	1	18	0	0	10	3	1	4	2	0	0	3	0	0	5	5	1	0	3	0	3	1	26	15	7	2	4	0	0	7	1	1	1	7	1	1	15	3	5	4	12	29	22	8	13	5	0	9	1	7	26	6	2	3	6	5	4	6	9	0	0	0	4	6	19	3	6	4
gene_3810202	2	0	0	0	0	0	0	0	0	0	0	1	0	0	0	0	0	0	0	1	0	7	1	0	0	0	0	0	1	0	0	0	0	0	0	0	0	0	0	0	0	0	0	0	0	0	0	0	0	0	0	0	0	0	0	0	0	0	0	0	0	0	0	0	0	0	0	0	0	0	0	0	0	0	0	0	0	0	0	0	0	0	0	0	1	0	0	0	0	0	0	0
gene_3827158	0	1	1	0	0	4	0	0	0	0	0	0	0	0	0	3	5	1	0	2	0	3	0	3	0	12	5	0	0	0	1	2	1	0	0	3	0	1	5	7	3	1	2	0	5	0	4	4	3	1	0	0	0	7	7	2	4	5	8	1	5	8	2	3	5	11	3	1	3	5	1	9	3	3	9	0	2	3	8	6	4	3	3	0	1	6	6	2	7	8	5	5
gene_3852408	1	0	4	0	0	0	0	0	0	1	0	0	2	0	1	0	0	0	0	0	1	3	0	1	1	1	0	0	1	0	0	0	0	0	0	0	0	0	0	0	0	0	0	0	0	0	0	0	0	0	0	0	0	0	0	0	0	0	0	0	0	0	0	0	0	0	0	0	0	0	0	0	0	0	0	0	0	0	0	0	0	0	0	0	0	0	0	0	0	0	1	0
gene_3882866	2	0	0	0	1	0	0	0	0	0	2	1	2	0	0	2	0	1	1	0	0	2	1	0	0	1	2	0	1	1	0	0	0	1	0	0	1	0	0	0	0	1	0	0	0	2	0	3	0	0	4	2	0	0	0	0	2	0	0	0	0	0	0	0	1	0	0	0	0	0	0	0	0	0	0	0	0	0	0	0	0	0	6	8	0	11	1	2	0	1	3	0
gene_3888804	0	0	0	0	0	0	0	0	0	0	2	0	0	0	0	0	0	0	0	0	0	2	0	0	0	0	0	0	0	0	0	0	0	0	0	0	0	0	0	0	0	0	0	0	0	0	0	0	0	0	0	0	0	0	0	0	0	0	0	0	0	0	0	0	0	0	0	0	0	0	0	0	0	0	0	0	0	0	0	0	0	0	0	0	0	0	0	0	0	2	0	0
gene_3888805	0	0	0	0	0	0	0	0	0	0	0	0	0	0	0	0	0	0	0	0	0	0	0	0	0	0	0	0	0	0	0	0	0	0	0	0	0	0	0	0	0	0	0	0	0	0	0	0	0	0	0	0	0	0	0	0	0	0	0	0	0	0	0	0	0	0	0	0	0	0	0	0	0	0	1	0	0	0	0	0	0	0	0	0	0	0	0	0	0	0	0	0
gene_3900540	1	0	0	0	0	0	0	0	0	0	0	0	0	0	0	0	0	0	0	0	0	0	0	0	0	0	0	0	0	0	0	0	0	0	0	0	0	0	0	0	0	0	0	0	0	0	0	0	0	0	8	0	0	0	0	2	0	0	0	0	0	0	0	0	0	0	0	0	0	0	0	0	0	0	0	0	0	0	0	0	0	0	0	0	0	0	0	0	0	0	0	0
gene_3904265	21	27	13	5	15	21	8	10	12	4	18	6	2	18	7	42	13	6	11	8	7	27	26	25	4	64	21	0	6	19	23	13	17	15	14	15	25	15	28	24	17	23	17	9	18	12	27	27	19	8	32	21	13	17	51	22	19	18	25	38	39	22	36	30	17	15	17	48	39	12	7	17	19	9	49	17	22	21	32	34	13	9	36	41	9	23	8	29	40	19	34	49
gene_3909134	0	0	0	0	0	0	0	1	0	0	0	0	0	0	0	0	0	0	0	0	0	0	0	0	0	0	0	0	0	0	0	0	0	0	0	0	0	0	0	0	0	0	0	1	0	0	0	0	0	0	0	0	0	0	0	0	0	0	0	0	0	0	0	0	0	0	0	0	0	0	0	0	0	0	0	0	0	0	0	0	0	0	0	3	0	0	0	0	0	0	0	0
gene_3950341	0	0	0	0	0	0	0	0	0	1	0	0	0	0	0	0	0	1	0	0	0	2	0	2	0	0	0	0	2	0	0	0	0	0	0	0	0	0	0	0	0	0	0	0	0	0	0	0	0	0	1	0	0	0	0	0	0	0	0	0	0	0	0	0	0	0	0	0	0	0	0	0	0	0	0	0	0	0	0	0	0	0	0	0	0	0	0	0	0	0	0	0
gene_4006927	0	0	0	0	0	0	0	0	0	0	0	0	0	0	0	0	0	0	0	0	0	0	0	0	0	0	0	0	0	0	0	0	0	0	0	0	0	0	0	0	0	0	0	0	0	0	0	0	0	0	0	0	0	0	0	0	0	0	0	0	3	0	0	0	0	0	0	0	1	0	0	1	0	0	0	0	0	0	0	0	0	0	0	0	0	0	0	0	0	0	0	0
gene_4007318	0	0	0	0	0	0	0	0	1	0	0	0	0	0	0	0	0	0	0	0	0	0	0	0	0	0	1	0	0	0	0	0	0	0	0	0	0	0	0	0	0	0	0	0	0	0	0	0	0	0	0	0	0	0	0	0	0	0	0	0	0	0	0	0	0	0	0	1	0	0	0	0	0	0	0	0	2	0	0	0	0	0	0	0	0	0	0	0	4	0	0	1
gene_4008229	0	1	0	0	0	0	1	0	0	5	0	0	0	0	0	0	0	0	0	0	1	1	0	1	0	0	0	0	0	0	0	0	0	0	0	0	0	0	0	0	0	0	0	0	0	0	0	0	0	0	0	0	0	1	0	0	0	0	0	0	0	0	0	0	0	0	0	0	0	0	0	0	0	0	0	0	0	0	0	0	0	0	0	0	0	0	0	0	0	0	0	0
gene_4008504	2	0	0	0	0	0	0	0	0	1	0	0	0	0	0	0	1	0	0	0	4	1	0	2	0	1	0	0	0	0	0	0	0	0	0	0	0	0	0	0	0	0	0	0	0	0	0	0	0	0	0	1	0	0	1	0	0	0	0	0	0	0	0	0	0	0	0	0	0	0	0	0	0	0	0	0	0	0	0	0	0	0	0	0	0	1	0	0	0	0	0	0
gene_4015151	10	2	1	0	1	0	0	9	2	5	8	2	9	2	5	0	2	7	2	1	1	9	5	12	1	4	1	1	4	2	0	0	0	0	0	0	1	0	0	0	0	0	0	1	0	0	0	1	0	0	11	1	0	3	2	1	0	2	0	1	0	1	3	2	0	1	0	0	2	0	0	0	0	0	4	0	1	0	0	0	0	0	4	16	0	7	0	0	3	0	1	3
gene_4023321	0	0	0	0	0	0	0	0	0	0	0	0	0	0	0	0	0	0	0	0	0	0	0	0	0	0	0	0	0	0	0	0	0	0	0	0	0	0	0	0	0	0	0	0	0	0	0	0	0	0	2	0	0	0	1	0	0	0	0	1	0	0	0	0	0	0	0	0	0	0	0	0	0	0	0	0	0	0	0	0	0	0	1	0	0	0	0	0	0	0	1	0
gene_4027680	60	13	6	1	11	3	1	41	1	7	21	17	14	5	6	3	3	30	7	5	4	30	4	11	1	28	2	0	9	15	0	2	0	0	2	0	3	0	1	0	0	0	0	1	0	1	0	3	0	0	34	2	2	3	0	1	0	5	1	2	0	0	3	0	1	0	0	1	1	1	0	0	1	0	5	0	0	0	0	0	0	0	6	14	0	6	0	0	5	3	0	0
gene_4028410	0	1	0	0	0	0	0	1	0	0	0	0	1	0	0	0	0	0	0	1	0	1	0	1	0	0	0	0	0	1	0	0	0	0	2	1	0	0	0	0	1	1	0	0	0	0	0	0	0	0	2	0	0	0	0	0	0	0	1	0	0	1	0	0	0	2	0	0	0	0	0	0	0	0	0	0	0	0	0	0	0	0	1	2	1	2	0	1	0	0	0	0
gene_4043911	0	1	0	0	3	0	0	0	0	2	0	0	5	0	1	0	0	1	2	0	0	1	0	1	0	0	0	0	2	1	0	0	0	0	0	0	0	0	0	0	0	0	0	0	0	0	0	0	0	0	1	0	0	0	3	0	0	0	0	1	0	0	0	0	0	0	0	0	0	0	0	0	0	0	0	0	0	0	0	0	0	0	0	3	0	1	0	0	0	0	0	0
gene_4047232	0	0	0	0	0	0	0	0	0	0	0	0	0	0	0	0	0	1	0	0	0	0	0	0	0	0	0	0	0	0	0	0	0	0	0	0	0	0	0	0	0	0	0	0	0	1	0	0	0	0	0	0	0	0	0	0	0	0	0	0	0	0	0	0	0	0	0	0	0	0	0	0	0	0	0	0	0	0	0	0	0	0	0	1	0	0	0	0	0	0	0	0
gene_4048766	409	198	152	99	62	345	185	182	230	212	254	42	120	195	320	313	327	153	23	182	317	286	198	96	133	255	209	1	91	65	195	301	156	129	198	154	172	145	163	288	319	208	156	174	374	140	273	300	208	54	115	280	238	247	186	190	264	294	223	298	281	347	289	236	297	231	92	280	169	138	48	348	182	148	434	117	154	345	232	266	205	211	242	178	100	225	69	106	259	305	195	175
gene_40526	3	33	0	0	0	3	11	2	5	9	0	0	0	0	0	0	0	0	0	0	0	0	0	0	0	0	0	0	0	0	0	13	11	1	1	30	2	0	2	7	0	0	0	0	0	0	0	0	2	0	0	0	0	0	0	0	0	0	0	0	5	14	42	20	14	3	3	0	2	11	1	61	32	2	32	0	0	10	18	5	1	0	38	10	129	8	81	162	49	92	128	8
gene_429398	0	0	0	0	0	0	0	0	0	0	0	0	0	0	0	0	0	0	0	0	0	0	0	0	0	1	1	0	0	0	0	0	0	0	0	0	0	0	2	0	0	2	2	0	0	3	0	0	5	1	0	0	0	0	0	1	0	0	0	0	0	1	3	0	0	0	0	0	0	3	0	0	1	1	5	1	3	1	7	7	0	0	2	2	2	3	3	2	0	5	2	10
gene_436126	126	107	0	67	4	2	3	8	1	4	26	7	71	90	21	163	41	26	8	35	12	32	14	9	70	2	29	0	73	24	4	0	11	12	1	0	16	8	0	4	1	3	0	8	5	47	12	2	8	15	23	0	0	18	14	21	13	8	39	8	0	0	0	0	0	1	0	0	0	0	1	0	0	0	0	0	0	9	0	2	0	0	0	0	1	2	0	0	0	0	7	2
gene_448396	0	0	0	0	0	0	0	0	0	8	0	0	0	0	0	0	0	0	0	0	0	0	0	0	0	0	0	0	0	0	22	0	5	86	0	1	0	5	6	1	7	0	19	0	6	1	3	6	185	1	0	0	0	0	0	0	0	0	0	1	1	0	1	0	0	0	0	0	0	121	0	35	4	0	0	1	1	0	2	2	232	1	129	108	178	1	2	213	37	15	66	12
gene_448996	13	0	0	16	12	4	6	0	0	5	0	1	4	0	4	4	0	1	0	2	0	24	2	6	1	10	3	0	0	3	3	1	3	2	10	1	0	1	0	3	0	0	10	0	9	7	12	0	6	0	0	2	0	0	5	0	6	5	0	8	0	0	0	7	3	0	0	2	0	1	1	0	8	4	20	1	0	1	2	3	2	0	26	9	2	2	1	3	13	8	35	10
gene_451952	1088	1113	1814	571	811	1294	860	585	2374	756	554	267	172	378	514	1281	1282	321	37	588	407	655	163	803	649	1039	1682	11	145	890	2274	2247	1676	1400	1069	2510	1345	741	1888	1272	1373	2047	1355	1332	1526	1166	5611	3511	2562	1310	801	1038	742	2463	793	584	513	1735	1896	1302	2581	3442	3098	3279	4137	2190	3076	3054	3158	3149	1359	6886	1778	2118	7205	1060	3147	2406	4128	2741	3867	2821	4508	3228	1896	4611	2773	6325	5750	2511	2800	3213
gene_465941	2	0	0	0	0	0	0	1	0	1	0	0	4	0	3	1	0	1	0	1	0	0	3	0	0	1	0	0	0	0	5	6	0	5	2	2	11	2	0	2	0	8	15	3	6	3	4	7	2	9	9	5	0	6	12	2	10	11	18	18	8	10	4	0	3	3	7	14	45	8	0	5	0	0	34	4	1	5	5	3	0	2	10	34	3	7	1	6	8	8	18	11
gene_469488	0	0	0	0	0	0	0	0	0	0	0	0	0	0	0	0	0	0	0	0	0	0	0	0	0	1	0	0	0	0	0	0	0	0	0	0	0	0	0	0	0	2	0	0	0	0	2	0	6	0	0	0	0	1	0	4	0	0	0	0	0	4	1	0	2	6	2	1	7	5	1	4	3	3	11	1	1	0	11	4	22	9	3	0	0	0	1	1	0	25	0	0
gene_478786	2254	1907	650	416	331	1169	1056	1280	1009	1215	2005	749	2438	4070	3505	3159	2281	2939	1038	1333	4769	4783	3555	1354	1887	2993	2790	40	3644	542	1372	2087	2336	1634	1100	1531	812	1320	1103	1494	3228	963	818	2311	3798	1498	1503	1258	1382	681	1070	2535	1109	2009	1651	765	2340	2499	1396	1378	355	305	616	706	777	606	535	797	513	408	161	718	623	527	1745	494	594	454	608	1011	512	443	783	1080	503	1093	163	493	837	374	453	963
gene_481464	4	0	1	1	0	1	1	0	1	0	0	1	0	2	0	0	3	0	0	0	0	1	0	0	0	1	7	0	0	0	7	2	1	1	0	1	2	2	1	1	0	0	0	0	0	0	0	2	0	0	0	0	1	0	0	1	1	0	0	0	3	0	0	1	0	0	0	1	0	2	1	2	0	1	1	0	0	1	0	2	1	0	3	1	0	1	4	2	1	3	5	0
gene_486735	634	411	239	515	91	398	330	427	265	227	538	159	193	364	484	455	257	441	104	307	376	575	342	395	131	659	260	3	491	153	268	455	351	277	235	378	120	252	301	360	580	227	173	392	453	291	264	362	183	199	261	265	220	294	165	198	537	437	550	243	135	197	189	252	229	148	170	186	267	86	47	212	214	141	518	153	234	250	437	234	79	170	180	312	101	285	63	124	214	122	111	234
gene_490549	27	8	5	1	11	3	1	25	0	10	19	17	11	1	11	1	1	31	15	9	1	11	6	24	1	5	1	1	18	23	0	0	0	1	0	0	1	0	0	0	2	2	0	0	0	5	0	4	0	2	32	0	1	0	0	1	1	0	2	2	0	0	0	0	0	0	0	0	0	0	0	0	6	0	1	0	0	0	0	0	1	0	0	19	0	7	0	1	0	1	1	0
gene_490550	47	17	4	0	20	0	0	32	0	19	28	13	27	0	9	3	4	45	25	16	2	26	4	29	1	13	6	0	34	25	0	0	0	1	1	2	2	0	0	0	1	1	1	0	0	2	2	4	0	0	46	2	1	2	2	0	2	2	1	2	0	0	1	2	0	0	0	0	2	0	0	0	1	1	5	1	2	2	0	0	0	1	9	12	0	9	0	0	3	0	2	0
gene_496525	0	0	0	0	0	0	0	2	0	0	0	0	0	0	0	0	1	0	0	0	0	0	0	0	0	0	0	0	0	0	0	0	1	0	0	0	1	0	0	0	0	0	2	0	1	2	4	1	1	0	0	23	0	0	0	2	0	0	0	2	0	0	0	0	0	0	0	0	0	2	0	0	0	0	2	0	0	0	0	4	4	0	11	4	19	10	5	2	8	0	16	1
gene_522658	0	0	0	9	0	0	0	1	0	0	0	0	0	0	0	0	0	0	0	0	0	0	0	0	0	0	0	0	0	0	0	0	0	0	0	0	0	0	0	0	0	15	0	0	0	0	0	0	0	0	1	0	0	0	0	0	1	0	0	0	0	39	0	0	0	0	0	0	0	0	0	5	0	0	0	0	0	2	0	1	0	45	0	0	0	0	0	0	0	0	0	0
gene_536963	551	160	74	4	174	25	2	393	26	166	280	196	229	32	170	27	78	405	183	136	69	273	66	298	24	111	53	11	246	242	1	6	1	7	5	1	19	0	2	4	6	19	12	0	2	22	6	28	2	10	485	15	10	5	23	16	8	17	12	22	3	0	19	2	1	5	1	3	21	4	1	3	9	4	34	6	4	0	4	2	4	1	26	177	6	94	2	12	15	4	20	6
gene_551243	0	0	46	0	0	3	1	1	17	1	0	1	0	0	0	16	33	0	0	0	0	7	0	1	0	13	5	0	0	0	101	36	3	0	7	21	6	2	0	1	2	147	62	1	88	6	17	68	42	76	0	43	30	2	4	89	7	4	32	1	2	89	28	66	4	2	57	47	0	20	18	111	25	11	171	3	16	4	60	1	19	51	63	58	33	215	53	64	46	5	48	54
gene_556339	267	19	19	4	5	2	9	71	13	20	6	2	10	10	8	0	26	10	0	11	4	33	18	1	0	1	6	0	2	4	32	39	45	31	25	10	21	7	13	49	31	21	4	30	48	50	32	35	21	20	43	10	11	15	27	36	9	28	76	84	104	16	18	40	192	12	143	271	74	245	36	451	35	90	368	247	138	172	426	111	68	105	66	51	27	60	25	83	115	31	126	79
gene_563306	0	0	0	0	0	0	0	0	0	0	0	0	0	0	0	0	0	0	0	0	0	0	0	0	0	0	0	0	0	0	0	0	0	0	0	0	0	0	0	0	1	2	0	0	0	0	0	0	0	0	0	0	0	5	0	0	0	1	0	0	0	0	0	0	0	0	0	0	0	0	5	2	7	0	0	2	0	2	0	2	7	0	27	28	69	112	52	28	91	3	27	38
gene_569142	0	0	0	0	0	0	0	0	0	0	0	0	0	0	0	0	0	0	0	0	0	0	0	0	0	0	0	0	0	0	0	1	0	0	0	0	1	0	1	0	0	10	0	0	0	0	0	0	0	11	0	0	0	0	0	0	0	0	0	0	0	0	0	0	0	0	0	0	0	0	0	109	0	0	13	2	0	7	16	29	0	5	0	0	6	0	0	0	0	0	0	0
gene_604516	0	0	4	0	0	1	0	0	1	1	0	0	0	0	0	0	0	0	0	0	0	0	0	0	0	0	0	0	0	0	5	7	6	1	6	3	1	1	6	2	1	0	0	1	2	0	0	0	0	2	0	0	0	0	1	1	0	0	0	0	0	0	1	0	3	1	0	0	0	0	0	0	1	1	7	1	0	1	2	0	1	2	2	1	1	4	0	4	1	0	1	1
gene_641160	0	3	1	0	0	5	1	0	0	0	0	0	0	1	0	0	0	0	0	0	0	0	0	0	0	1	0	0	0	0	1	5	3	4	2	1	1	4	0	4	0	0	9	0	5	1	4	0	1	0	0	0	0	2	0	0	0	1	0	0	0	0	0	1	0	0	1	0	6	1	0	1	0	2	2	0	2	0	6	1	7	1	7	3	1	0	0	0	2	1	0	1
gene_655817	6	0	0	0	1	1	2	1	0	0	1	3	0	0	0	1	0	4	5	0	0	0	0	2	1	0	1	0	1	0	0	16	10	0	1	1	3	0	2	1	1	45	3	2	1	1	0	0	15	1	2	0	22	2	1	30	4	0	0	0	2	12	10	27	12	23	3	0	4	91	20	34	21	8	30	7	11	31	50	67	11	12	24	11	7	28	8	7	14	21	16	19
gene_68653	1	8	0	0	15	0	0	8	0	0	14	28	1	99	2	214	0	6	0	10	9	87	120	236	34	0	2	1	3	7	89	203	46	77	73	127	377	111	22	88	218	0	174	115	258	190	104	163	101	9	237	16	853	85	121	53	43	208	311	261	0	0	0	5	0	0	2	0	0	16	8	1	40	5	20	1	6	0	10	181	216	1	97	33	98	47	9	22	34	327	14	35
gene_713516	27	2	1	0	0	0	5	0	25	7	0	0	0	0	0	0	0	0	0	0	0	0	0	0	0	0	0	0	0	0	1	4	7	0	3	1	3	0	4	0	0	0	0	0	0	0	0	0	0	0	0	0	0	0	0	0	0	0	0	0	3	2	2	14	21	16	18	0	5	0	0	0	0	0	0	0	0	0	0	0	0	0	0	0	0	0	0	0	0	0	0	0
gene_724913	116	178	29	92	210	68	35	69	32	24	199	119	51	146	188	213	192	53	22	160	245	366	273	737	95	198	179	2	178	581	66	113	178	90	74	95	96	113	84	68	499	246	133	160	444	107	443	456	413	42	154	398	165	693	220	226	322	452	344	199	19	46	78	48	49	58	32	30	44	49	13	57	114	44	138	62	28	69	36	64	51	37	283	153	118	239	42	192	187	52	142	91
gene_742404	94	34	13	3	36	6	0	92	6	47	55	41	41	13	41	4	14	79	45	37	13	79	16	72	5	24	8	1	40	42	0	0	1	1	0	0	0	0	0	0	0	2	0	0	0	1	0	0	0	0	18	0	0	0	0	0	0	0	1	0	0	0	0	0	0	0	0	0	0	0	0	0	0	0	0	0	0	0	0	0	0	0	0	0	0	0	0	0	0	0	1	0
gene_754522	0	0	0	0	0	0	0	0	0	0	0	0	0	0	0	0	0	0	0	0	0	0	0	0	0	0	0	0	0	0	155	4	17	23	0	25	2	16	81	31	1	0	0	0	0	0	0	0	0	0	0	0	0	0	0	0	0	0	0	0	1	20	12	1	23	10	2	0	12	0	0	0	0	0	0	0	0	0	0	0	0	0	0	0	0	0	0	0	0	0	0	0
gene_803290	0	0	0	0	0	0	0	0	0	0	0	0	0	0	0	0	0	0	0	0	0	0	0	0	0	0	0	0	0	0	0	0	0	0	0	0	0	0	0	0	0	0	0	0	0	0	0	0	0	0	0	0	0	0	0	0	0	0	0	0	19	0	0	0	0	2	0	25	6	0	0	0	0	0	0	0	0	0	0	0	0	0	0	0	0	0	0	0	0	0	0	0
gene_805454	27	5	0	0	1	1	0	2	0	0	1	2	0	4	5	0	0	14	0	25	2	1	3	0	0	0	0	0	2	0	21	6	17	11	8	4	10	2	8	13	7	18	8	10	63	3	14	6	14	2	11	27	5	18	36	28	97	36	43	6	1	1	0	3	2	1	3	6	16	3	0	5	1	2	8	7	0	13	2	3	7	3	5	4	0	4	0	1	1	2	18	22
gene_811421	4	0	1	0	0	0	0	0	0	0	0	0	1	0	0	0	1	1	0	0	0	0	0	0	0	1	1	0	0	0	3	0	1	0	6	0	3	1	0	3	1	4	2	2	1	10	3	3	0	2	11	2	0	1	3	1	3	9	10	19	4	4	2	0	0	1	1	8	20	7	1	3	0	0	16	4	2	3	5	1	0	0	2	5	0	8	0	1	6	6	4	1
gene_812960	31	37	6	5	6	6	1	10	19	17	3	6	0	2	13	32	6	2	0	9	0	0	0	25	3	20	2	0	0	12	5	3	3	0	11	8	51	7	6	5	0	7	4	0	5	0	0	0	4	6	1	0	13	0	0	1	5	0	0	0	5	0	5	0	0	1	0	2	1	0	0	2	0	3	2	0	3	5	2	5	5	1	2	3	3	5	0	1	3	0	0	0
gene_820115	42	22	6	1	22	1	0	22	1	15	25	20	22	5	15	1	7	35	18	8	8	24	9	23	5	7	3	0	26	18	1	1	2	0	0	1	4	0	0	0	1	0	0	0	0	4	0	2	0	0	38	1	2	0	2	0	0	5	0	5	0	0	0	0	0	0	0	0	4	3	0	1	0	0	2	0	0	1	0	0	1	1	4	14	2	7	1	1	0	0	2	0
gene_8346	0	0	0	0	0	0	0	0	0	0	0	0	0	0	0	0	0	0	0	0	0	0	0	0	0	0	0	0	0	0	0	0	0	0	0	0	0	0	0	0	0	0	0	0	0	0	0	0	0	0	0	0	0	0	0	0	0	0	0	0	1266	673	1122	846	846	786	1265	1380	1369	277	184	2292	375	347	2119	880	699	977	2261	924	736	1277	757	822	452	665	491	737	28	424	853	1251
gene_876677	0	0	1	0	0	0	0	0	3	0	0	0	0	0	0	0	0	0	0	0	0	0	0	0	0	0	0	0	0	0	11	5	1	4	9	3	0	23	25	9	0	2	0	0	2	0	1	0	11	5	0	0	0	0	0	0	0	0	0	0	1	25	31	32	36	14	36	0	10	17	0	7	38	5	68	0	18	8	63	8	1	23	15	5	0	27	24	21	59	77	28	23
gene_888282	0	0	0	0	0	0	0	0	0	0	0	0	0	0	0	0	0	0	0	0	0	0	0	0	0	0	0	0	0	0	0	0	0	0	0	0	0	0	0	0	0	19	0	0	0	0	0	0	0	0	0	0	0	0	0	0	0	0	0	0	15	36	22	38	10	26	10	8	3	13	0	6	19	3	129	15	26	0	30	4	0	1	20	0	0	3	0	0	0	18	27	14
gene_895355	238	69	20	4	47	6	1	133	6	56	71	75	82	13	70	14	42	141	73	56	25	144	26	114	17	48	13	3	100	116	0	2	2	5	3	0	1	0	0	2	4	4	5	0	0	18	0	5	1	2	164	4	3	9	3	9	2	16	5	18	1	5	5	1	2	4	0	3	2	1	0	2	2	0	11	0	0	2	1	3	0	0	12	60	5	37	2	1	7	3	9	2
gene_901838	185	50	24	5	39	7	1	118	4	62	89	39	64	9	54	5	31	110	38	56	26	126	29	83	8	58	27	1	82	89	0	2	1	5	1	1	6	0	0	0	0	5	2	1	0	12	0	14	2	2	116	4	4	3	4	2	1	11	6	10	2	1	4	0	2	1	0	0	4	3	0	0	2	1	17	2	3	1	1	0	2	0	15	66	1	43	3	6	10	5	10	4
gene_901839	443	105	62	2	87	17	1	232	15	113	190	110	94	27	112	8	56	244	82	86	52	188	44	183	8	104	41	4	132	116	1	1	2	1	0	3	5	0	1	3	3	10	4	1	0	14	1	12	1	4	152	2	6	16	5	4	3	8	4	11	2	0	9	2	1	1	1	0	5	2	1	2	5	1	21	0	1	4	0	2	1	0	11	63	4	29	2	6	6	1	6	2
gene_901840	307	67	43	4	53	14	3	184	10	87	134	82	45	12	68	8	33	138	70	52	27	106	28	136	15	59	23	2	83	93	0	1	0	0	1	0	0	0	0	1	0	0	0	0	0	2	2	3	1	3	63	1	0	0	4	1	0	3	4	1	2	0	1	2	1	4	0	0	0	0	0	1	3	0	4	1	0	0	0	0	1	0	0	7	0	5	0	2	0	0	2	2
gene_929275	31	33	30	25	45	78	36	4	9	11	6	3	1	17	22	6	7	2	23	8	2	0	32	1	18	33	25	0	10	34	24	14	39	1	30	35	9	3	14	16	7	28	29	17	20	22	0	7	15	32	2	2	2	8	5	7	4	10	14	9	18	0	2	2	17	4	8	3	0	7	3	13	8	4	28	4	41	1	5	5	8	8	12	10	5	11	2	8	21	3	9	9
gene_933185	79	63	24	10	9	4	13	19	24	62	11	10	0	0	33	39	2	8	0	30	0	8	0	51	3	39	8	0	0	27	2	6	14	0	10	15	91	8	12	7	0	27	6	0	3	0	1	3	3	11	4	0	17	0	0	0	4	0	0	0	9	1	7	0	0	5	1	2	0	0	0	6	0	1	1	5	8	3	4	4	4	2	1	1	1	8	0	3	5	0	0	1
gene_939312	1	0	0	0	0	0	0	0	0	0	4	3	0	2	2	3	10	2	1	1	9	7	24	3	10	25	12	0	35	1	1	0	0	0	0	0	0	0	0	0	1	0	0	1	0	3	1	11	2	0	0	0	4	0	0	0	0	2	0	0	0	0	0	0	0	0	0	0	0	0	0	0	0	0	0	0	2	0	0	0	0	0	0	0	4	0	0	0	0	0	0	0
gene_942228	0	0	0	0	0	0	0	0	0	0	0	0	0	0	0	0	0	2	0	1	0	0	0	0	0	0	0	0	0	0	0	0	0	0	0	0	0	0	2	0	0	2	0	2	2	0	1	0	2	0	0	4	4	9	6	2	17	14	5	0	1	2	0	0	0	0	3	1	2	2	0	1	0	0	1	2	0	1	1	0	0	0	1	0	0	2	0	1	0	2	0	2
gene_964784	0	0	0	0	0	0	0	0	0	0	0	0	0	0	0	0	0	0	0	0	0	0	0	0	0	0	0	0	0	0	0	0	0	0	0	0	0	0	0	0	0	0	0	0	0	0	0	0	0	0	0	0	0	0	0	0	0	0	0	0	6	6	28	9	4	5	5	23	11	0	0	6	0	0	0	2	2	0	0	1	0	0	0	0	0	0	0	0	0	0	0	0
gene_971667	596	116	416	69	47	429	273	128	133	204	111	41	56	152	275	306	161	137	62	172	204	585	293	216	88	973	868	2	191	50	435	477	288	373	152	310	130	109	193	228	710	379	294	502	614	329	533	653	522	211	210	221	452	779	372	365	688	315	445	336	2141	508	342	731	548	283	368	973	352	181	132	645	369	224	1050	318	564	562	829	591	184	784	439	764	298	820	247	356	371	286	534	823
gene_977956	0	0	0	0	0	1	0	0	0	0	7	0	0	2	0	36	19	0	0	0	0	4	0	0	1	191	549	0	0	2	2	26	0	4	0	2	0	0	0	0	0	15	0	0	0	0	0	6	3	3	0	4	9	4	0	0	0	0	0	0	2	4	22	30	8	4	12	11	23	0	8	3	4	4	98	18	14	31	42	44	11	0	22	0	0	23	29	14	0	23	25	50
gene_983903	0	0	2	0	0	0	1	0	28	0	0	0	2	0	0	0	1	1	0	0	0	3	0	0	0	0	0	0	0	0	0	1	0	1	3	2	5	1	0	0	2	7	2	4	4	9	3	3	0	4	19	6	1	1	9	3	7	11	7	10	0	4	0	2	6	0	6	19	22	36	3	55	0	10	68	29	8	19	58	11	7	7	3	30	9	20	0	4	5	2	9	1
gene_997758	431	92	64	6	109	15	0	250	13	111	171	126	171	30	110	14	47	271	143	69	47	225	47	216	15	89	34	9	177	150	2	4	9	6	4	6	25	0	6	7	3	10	5	1	2	27	5	23	0	6	318	3	11	4	13	10	6	12	5	23	8	0	14	2	0	3	0	4	14	0	1	5	8	1	15	1	2	2	2	1	1	0	26	124	6	62	1	9	9	5	5	6
